0 0
1 1860
2 1132
3 2084
4 1621
5 1714
6 1516
7 1479
8 1766
9 1909
10 1285
11 2075
12 1302
13 1776
14 1491
15 1674
16 1628
17 1574
18 1697
19 2031
20 1026
21 1735
22 1339
23 1744
24 2558
25 1408
26 1517
27 2012
28 1547
29 1580
30 1908
31 1649
32 962
33 1519
34 1803
35 1475
36 1726
37 1112
38 1607
39 1984
40 1216
41 1345
42 1791
43 1519
44 1729
45 1403
46 1987
47 1706
48 1940
49 1968
50 1783
51 1223
52 1294
53 1383
54 1930
55 1977
56 1217
57 1796
58 1881
59 1851
60 1800
61 2199
62 1321
63 1699
64 1705
65 951
66 1886
67 1801
68 1467
69 1287
70 851
71 1683
72 1725
73 1303
74 2178
75 1289
76 1980
77 1969
78 1670
79 945
80 1589
81 1790
82 1640
83 1372
84 1875
85 1849
86 1283
87 1330
88 1554
89 1837
90 1693
91 1971
92 1602
93 1759
94 2162
95 1369
96 1828
97 1448
98 1665
99 1441
100 2150
101 1858
102 562
103 826
104 1548
105 1656
106 2521
107 2377
108 1358
109 1513
110 1908
111 1708
112 1657
113 1971
114 1565
115 1445
116 1691
117 1324
118 1848
119 1704
120 1401
121 1851
122 1529
123 1668
124 1801
125 1132
126 1639
127 1699
128 1941
129 2094
130 1234
131 1685
132 1732
133 1643
134 1280
135 1684
136 1260
137 1799
138 1768
139 1434
140 1593
141 1727
142 976
143 1324
144 1564
145 2094
146 1961
147 1695
148 1935
149 1266
150 2060
151 2196
152 1915
153 1412
154 1603
155 1809
156 1694
157 1448
158 1316
159 2118
160 1340
161 1781
162 1994
163 INF
164 1854
165 2361
166 1388
167 1230
168 1753
169 2052
170 1668
171 1765
172 1782
173 1531
174 1441
175 2301
176 1926
177 2087
178 1469
179 1846
180 1154
181 1601
182 1028
183 1410
184 1809
185 1656
186 1962
187 1206
188 1412
189 1076
190 1400
191 2233
192 1887
193 1764
194 1101
195 1474
196 2014
197 1127
198 1262
199 1896
200 1843
201 2580
202 1176
203 1860
204 1856
205 1823
206 1247
207 1815
208 1388
209 1838
210 1652
211 1387
212 1483
213 1437
214 1845
215 1768
216 1600
217 1603
218 2111
219 1611
220 1257
221 1220
222 1369
223 1774
224 1749
225 1136
226 1500
227 1476
228 1622
229 635
230 1222
231 2200
232 1594
233 1800
234 1643
235 1487
236 1795
237 1550
238 1931
239 1583
240 1370
241 1591
242 1726
243 1151
244 1688
245 1829
246 1312
247 1624
248 2116
249 1466
250 1622
251 1685
252 1348
253 1194
254 1708
255 2004
256 1834
257 1029
258 1737
259 1622
260 1524
261 1951
262 2273
263 1605
264 1581
265 1562
266 2175
267 2002
268 1583
269 981
270 2181
271 1222
272 1603
273 1861
274 1870
275 2020
276 1749
277 1938
278 1602
279 2485
280 1718
281 1512
282 1875
283 1241
284 2334
285 1724
286 1602
287 1630
288 1650
289 2154
290 1177
291 2020
292 1231
293 1912
294 1758
295 1595
296 1725
297 1327
298 1656
299 2117
300 1012
301 1434
302 1944
303 1595
304 3581
305 1887
306 1639
307 1349
308 1695
309 1715
310 1126
311 1301
312 1767
313 1323
314 2250
315 2270
316 1422
317 1870
318 1556
319 1998
320 1817
321 1449
322 1785
323 2210
324 1380
325 1676
326 1980
327 1363
328 1519
329 2125
330 2292
331 1615
332 1638
333 1901
334 1729
335 1805
336 1560
337 1575
338 1230
339 1241
340 1361
341 2072
342 996
343 1704
344 1027
345 1766
346 2472
347 1583
348 2336
349 1670
350 2449
351 1849
352 2072
353 2022
354 INF
355 1700
356 1288
357 1228
358 1283
359 1345
360 1677
361 1938
362 1644
363 1485
364 1447
365 1260
366 1897
367 1617
368 904
369 1762
370 1444
371 1816
372 1339
373 1488
374 1394
375 1784
376 INF
377 1646
378 1925
379 1889
380 1631
381 1586
382 1463
383 1579
384 2367
385 1481
386 705
387 2503
388 1736
389 1613
390 1505
391 1622
392 1872
393 1998
394 1753
395 1270
396 1569
397 1953
398 1686
399 1874
400 1453
401 1276
402 2996
403 1556
404 1808
405 1678
406 1424
407 1940
408 801
409 1869
410 1768
411 2300
412 1237
413 1939
414 1725
415 1543
416 1651
417 2019
418 1942
419 1655
420 1258
421 1537
422 1700
423 2013
424 3058
425 2077
426 1151
427 1252
428 1652
429 1642
430 1676
431 1406
432 1459
433 2034
434 1635
435 1436
436 1802
437 1540
438 1359
439 1430
440 1431
441 1139
442 1473
443 2004
444 1375
445 1286
446 1994
447 2348
448 1474
449 1714
450 1454
451 1699
452 1952
453 1286
454 1421
455 1945
456 1593
457 2066
458 1675
459 1662
460 1457
461 1709
462 1752
463 1694
464 950
465 1653
466 1439
467 1240
468 1661
469 1888
470 1634
471 1826
472 2061
473 1552
474 2113
475 1774
476 1371
477 1652
478 1756
479 1549
480 2002
481 1541
482 2169
483 1684
484 1913
485 1692
486 1805
487 1989
488 1487
489 1142
490 1588
491 1411
492 1457
493 2426
494 1405
495 2038
496 2164
497 1898
498 1584
499 1438
500 1431
501 1576
502 1302
503 1373
504 1397
505 1192
506 1401
507 1712
508 1393
509 1455
510 1658
511 1180
512 1732
513 1690
514 1401
515 1791
516 2177
517 1780
518 1841
519 1578
520 2168
521 1102
522 676
523 1899
524 1768
525 1084
526 1225
527 1890
528 1626
529 1685
530 1233
531 2140
532 1641
533 1240
534 1706
535 1410
536 1524
537 1241
538 1571
539 1322
540 2050
541 1299
542 1462
543 1562
544 1347
545 1254
546 1807
547 1731
548 1417
549 2172
550 1779
551 1363
552 1843
553 1263
554 1370
555 1542
556 1815
557 1316
558 1458
559 1609
560 1973
561 1540
562 1684
563 1432
564 663
565 1838
566 3000
567 1572
568 1867
569 1859
570 1434
571 2161
572 1417
573 1520
574 716
575 1311
576 1979
577 1733
578 1277
579 2503
580 1557
581 1688
582 1703
583 2325
584 1586
585 1396
586 2209
587 1827
588 1368
589 1210
590 880
591 1552
592 1604
593 1548
594 1581
595 1843
596 1459
597 2063
598 1683
599 2664
600 1986
601 1271
602 1548
603 2120
604 1949
605 1666
606 1156
607 1507
608 1272
609 1996
610 2338
611 1652
612 1658
613 1457
614 2150
615 1476
616 1741
617 1413
618 1415
619 1869
620 1121
621 1815
622 2014
623 1823
624 1519
625 1968
626 1334
627 1213
628 1968
629 2311
630 1494
631 1281
632 1586
633 2002
634 2039
635 1551
636 1722
637 1641
638 1211
639 1046
640 1528
641 1455
642 1564
643 1415
644 2512
645 1544
646 1457
647 1538
648 2177
649 1764
650 1660
651 2102
652 1637
653 1671
654 1370
655 1784
656 1225
657 1733
658 1411
659 1875
660 1846
661 1806
662 2090
663 1183
664 1970
665 1679
666 1709
667 1910
668 2124
669 1824
670 938
671 1611
672 1848
673 1706
674 1583
675 1584
676 1985
677 1388
678 1481
679 1753
680 1969
681 1955
682 1010
683 1524
684 1980
685 2117
686 1701
687 1062
688 1625
689 1955
690 1479
691 1353
692 1509
693 1359
694 1811
695 1437
696 2124
697 803
698 1947
699 1514
700 1709
701 1922
702 2008
703 1457
704 1304
705 1601
706 1358
707 INF
708 1792
709 1720
710 1981
711 1535
712 2149
713 1410
714 1696
715 1258
716 1592
717 2028
718 1990
719 1996
720 1999
721 1252
722 1993
723 1760
724 2048
725 1889
726 1651
727 1242
728 1824
729 1225
730 1408
731 1881
732 1997
733 1858
734 1217
735 1708
736 1865
737 1790
738 2384
739 1966
740 1662
741 1828
742 1559
743 1700
744 2069
745 2133
746 3182
747 965
748 1796
749 1619
750 695
751 1378
752 1871
753 1726
754 998
755 1325
756 1871
757 1030
758 1819
759 1687
760 1794
761 771
762 1520
763 1071
764 1175
765 1023
766 2068
767 1908
768 880
769 1844
770 1828
771 1827
772 1899
773 1859
774 INF
775 1315
776 1755
777 1307
778 1415
779 1670
780 INF
781 1515
782 1467
783 2255
784 1635
785 2451
786 1677
787 1975
788 2085
789 2132
790 1554
791 1632
792 1900
793 1520
794 2248
795 1375
796 2044
797 1548
798 1870
799 2136
800 2059
801 1318
802 258
803 1658
804 1555
805 1302
806 2586
807 2198
808 1129
809 1746
810 1393
811 1779
812 1385
813 1673
814 1410
815 1384
816 1549
817 2286
818 1618
819 1813
820 1394
821 1653
822 1719
823 1263
824 2068
825 1647
826 1490
827 1637
828 1470
829 1680
830 1400
831 1574
832 1038
833 1374
834 1453
835 1392
836 1936
837 1648
838 2503
839 2667
840 1390
841 1522
842 1741
843 1891
844 1526
845 1317
846 1579
847 1681
848 1678
849 1987
850 1715
851 1791
852 2028
853 1452
854 1448
855 2357
856 2282
857 1531
858 1451
859 2054
860 1539
861 1699
862 1094
863 496
864 2421
865 2165
866 1846
867 1598
868 1843
869 1540
870 1287
871 1268
872 1660
873 1899
874 1689
875 1513
876 2599
877 2367
878 1815
879 995
880 1358
881 1502
882 1472
883 2126
884 1387
885 1691
886 1739
887 1799
888 1458
889 1636
890 1315
891 2072
892 1542
893 1996
894 1456
895 2041
896 1570
897 1992
898 1548
899 1630
900 1059
901 1696
902 1338
903 2042
904 1548
905 1569
906 1660
907 1881
908 2082
909 1937
910 1191
911 1712
912 1706
913 1332
914 1250
915 1654
916 1568
917 1429
918 2013
919 1485
920 1532
921 1800
922 2027
923 2820
924 1858
925 1575
926 1289
927 1432
928 1142
929 1636
930 1668
931 1017
932 1125
933 1838
934 1438
935 1166
936 1186
937 1406
938 1775
939 1253
940 1672
941 1788
942 1643
943 1649
944 1650
945 1821
946 2110
947 2102
948 1628
949 1761
950 1220
951 1866
952 1601
953 1207
954 649
955 1223
956 819
957 2156
958 1303
959 1517
960 1622
961 1552
962 2056
963 1826
964 1685
965 1868
966 1447
967 1507
968 1537
969 889
970 986
971 1630
972 1811
973 1560
974 1664
975 2097
976 1963
977 399
978 978
979 INF
980 1639
981 794
982 1527
983 1735
984 1122
985 1241
986 1745
987 1859
988 1482
989 1257
990 1456
991 1501
992 1470
993 1210
994 1846
995 1660
996 1196
997 1369
998 1873
999 1529
1000 2095
1001 1555
1002 1764
1003 934
1004 1484
1005 2026
1006 2215
1007 1460
1008 1675
1009 1438
1010 1726
1011 1386
1012 1553
1013 1273
1014 1864
1015 2229
1016 1708
1017 2118
1018 956
1019 1855
1020 2636
1021 2071
1022 1892
1023 1749
1024 1312
1025 2297
1026 1898
1027 805
1028 1775
1029 1489
1030 1536
1031 1634
1032 1855
1033 2276
1034 2305
1035 1535
1036 1716
1037 1513
1038 1347
1039 1622
1040 1604
1041 1995
1042 2112
1043 2080
1044 1803
1045 1837
1046 2044
1047 924
1048 1831
1049 1967
1050 1970
1051 1590
1052 1283
1053 1512
1054 1288
1055 2223
1056 1533
1057 1573
1058 1837
1059 1880
1060 1577
1061 1585
1062 1735
1063 2330
1064 1133
1065 1359
1066 1768
1067 1754
1068 1462
1069 1990
1070 1393
1071 1688
1072 815
1073 1613
1074 1392
1075 1430
1076 1750
1077 1253
1078 1155
1079 1638
1080 1599
1081 2271
1082 2390
1083 1712
1084 1389
1085 994
1086 1398
1087 1781
1088 2501
1089 1437
1090 3037
1091 1840
1092 934
1093 1894
1094 1582
1095 1166
1096 1473
1097 2942
1098 1766
1099 1735
1100 1528
1101 2189
1102 1560
1103 1661
1104 1089
1105 1237
1106 1117
1107 915
1108 1778
1109 1447
1110 1802
1111 1996
1112 1525
1113 1473
1114 1918
1115 1462
1116 1275
1117 1798
1118 2149
1119 1799
1120 2218
1121 1692
1122 1460
1123 1187
1124 1577
1125 1236
1126 1408
1127 1355
1128 1386
1129 1458
1130 1649
1131 1635
1132 1895
1133 2092
1134 2000
1135 1133
1136 2010
1137 1831
1138 2007
1139 1627
1140 1929
1141 1531
1142 813
1143 1589
1144 1745
1145 1604
1146 1674
1147 1204
1148 1857
1149 2067
1150 696
1151 1332
1152 1573
1153 1485
1154 1415
1155 1858
1156 1328
1157 1883
1158 2184
1159 1124
1160 1587
1161 1914
1162 1306
1163 1561
1164 1418
1165 1854
1166 2096
1167 2284
1168 1602
1169 859
1170 2337
1171 1618
1172 1460
1173 1834
1174 2279
1175 2167
1176 1036
1177 1627
1178 1624
1179 1505
1180 1423
1181 1984
1182 1441
1183 2080
1184 1677
1185 2124
1186 1374
1187 1254
1188 1634
1189 1220
1190 1484
1191 1596
1192 1906
1193 1789
1194 1801
1195 902
1196 2030
1197 1634
1198 905
1199 1607
1200 1617
1201 1640
1202 1979
1203 1137
1204 2084
1205 1079
1206 2304
1207 1643
1208 1731
1209 1936
1210 1507
1211 1121
1212 1832
1213 1750
1214 2580
1215 2047
1216 2462
1217 1713
1218 1402
1219 1599
1220 1752
1221 1488
1222 1771
1223 2153
1224 1979
1225 1729
1226 1557
1227 1778
1228 1042
1229 1654
1230 1866
1231 1309
1232 1671
1233 1710
1234 1630
1235 1508
1236 1505
1237 2450
1238 2055
1239 874
1240 854
1241 1996
1242 1297
1243 1285
1244 1264
1245 1525
1246 1596
1247 1945
1248 1568
1249 1257
1250 1637
1251 1809
1252 1806
1253 INF
1254 2169
1255 1837
1256 1356
1257 2055
1258 1824
1259 1252
1260 1692
1261 1812
1262 1747
1263 1410
1264 1750
1265 1713
1266 1378
1267 1604
1268 1827
1269 1701
1270 1602
1271 1100
1272 1791
1273 1412
1274 1647
1275 1295
1276 1392
1277 2079
1278 1713
1279 1338
1280 1226
1281 1734
1282 1700
1283 1398
1284 1922
1285 911
1286 2323
1287 1705
1288 1540
1289 1810
1290 2035
1291 1447
1292 1604
1293 1866
1294 1820
1295 848
1296 1864
1297 1671
1298 1523
1299 1472
1300 1417
1301 1058
1302 1236
1303 2264
1304 1621
1305 1834
1306 722
1307 1458
1308 2144
1309 1899
1310 1566
1311 1313
1312 1340
1313 1704
1314 1848
1315 1662
1316 1451
1317 1594
1318 861
1319 1390
1320 1070
1321 973
1322 1238
1323 1144
1324 1826
1325 1485
1326 1667
1327 1852
1328 1677
1329 1608
1330 1102
1331 1815
1332 1762
1333 1806
1334 994
1335 1138
1336 1629
1337 2020
1338 1829
1339 1563
1340 2218
1341 2144
1342 1548
1343 748
1344 1534
1345 1960
1346 1409
1347 1483
1348 1536
1349 1669
1350 1807
1351 1101
1352 2887
1353 1759
1354 2656
1355 1850
1356 1142
1357 1552
1358 1960
1359 2154
1360 1976
1361 1393
1362 2597
1363 1597
1364 1344
1365 2007
1366 1329
1367 1580
1368 1846
1369 1976
1370 1576
1371 2034
1372 2110
1373 1698
1374 1625
1375 1136
1376 1453
1377 1403
1378 1180
1379 1737
1380 1262
1381 1776
1382 1595
1383 1411
1384 1597
1385 1760
1386 2900
1387 1700
1388 1485
1389 1944
1390 1679
1391 1669
1392 1901
1393 1750
1394 1273
1395 1914
1396 1995
1397 1379
1398 1315
1399 1469
1400 2021
1401 1565
1402 1829
1403 2434
1404 1565
1405 1589
1406 1467
1407 1541
1408 1498
1409 1590
1410 1677
1411 1474
1412 1259
1413 1425
1414 1494
1415 2363
1416 2398
1417 1398
1418 1364
1419 INF
1420 1912
1421 1621
1422 2991
1423 2125
1424 1929
1425 1616
1426 1625
1427 1450
1428 1597
1429 1265
1430 1785
1431 1668
1432 1040
1433 1997
1434 873
1435 1708
1436 1308
1437 1284
1438 1953
1439 1774
1440 1192
1441 1642
1442 1837
1443 1237
1444 1312
1445 2403
1446 2116
1447 1561
1448 1886
1449 2189
1450 1767
1451 1481
1452 1538
1453 1109
1454 2002
1455 1458
1456 1173
1457 1436
1458 1839
1459 1218
1460 1589
1461 2095
1462 1587
1463 1387
1464 1899
1465 1766
1466 1341
1467 2399
1468 2278
1469 1473
1470 1595
1471 1318
1472 1727
1473 1554
1474 1560
1475 1549
1476 1959
1477 1829
1478 1435
1479 1666
1480 1742
1481 1853
1482 1332
1483 2008
1484 1849
1485 1966
1486 1797
1487 1427
1488 1628
1489 1973
1490 1450
1491 1837
1492 1902
1493 1721
1494 INF
1495 1753
1496 1245
1497 1418
1498 1524
1499 1955
1500 1263
1501 1827
1502 1432
1503 1282
1504 1135
1505 1969
1506 2319
1507 803
1508 1564
1509 1273
1510 1543
1511 1532
1512 1639
1513 1813
1514 1656
1515 1151
1516 1618
1517 1364
1518 1610
1519 215
1520 1914
1521 1338
1522 1463
1523 1679
1524 873
1525 1379
1526 2938
1527 1680
1528 1810
1529 1175
1530 1742
1531 1606
1532 1359
1533 2037
1534 2136
1535 1834
1536 1453
1537 2313
1538 1726
1539 473
1540 1664
1541 2272
1542 1572
1543 1548
1544 1993
1545 1513
1546 1222
1547 1308
1548 1588
1549 2061
1550 1927
1551 2039
1552 1737
1553 1194
1554 2223
1555 1908
1556 1251
1557 1255
1558 2477
1559 1357
1560 1352
1561 1864
1562 1096
1563 1516
1564 1451
1565 1116
1566 2039
1567 1896
1568 1523
1569 1671
1570 1962
1571 1934
1572 1384
1573 1927
1574 1693
1575 1487
1576 1505
1577 1495
1578 1831
1579 INF
1580 1346
1581 1914
1582 1394
1583 1214
1584 1253
1585 1690
1586 1441
1587 1270
1588 2190
1589 1433
1590 1676
1591 1170
1592 2003
1593 1523
1594 1864
1595 2072
1596 1852
1597 1567
1598 1490
1599 1459
1600 1991
1601 1615
1602 1979
1603 1644
1604 1623
1605 1909
1606 1266
1607 996
1608 1882
1609 1673
1610 1800
1611 846
1612 1587
1613 1768
1614 1875
1615 1535
1616 2345
1617 1589
1618 1903
1619 1624
1620 1608
1621 1829
1622 1983
1623 1146
1624 1539
1625 1496
1626 1140
1627 1536
1628 1594
1629 1975
1630 1522
1631 1269
1632 1917
1633 2360
1634 1267
1635 1738
1636 1981
1637 1678
1638 2338
1639 1799
1640 1770
1641 2019
1642 1834
1643 1575
1644 1864
1645 2259
1646 2196
1647 2323
1648 2091
1649 1593
1650 1484
1651 1497
1652 1371
1653 1579
1654 3183
1655 1342
1656 2342
1657 1729
1658 1601
1659 903
1660 INF
1661 1603
1662 1496
1663 1838
1664 2106
1665 1663
1666 1273
1667 1455
1668 1785
1669 1477
1670 1134
1671 1650
1672 1166
1673 1719
1674 1534
1675 1620
1676 1123
1677 2128
1678 1520
1679 1726
1680 1160
1681 673
1682 1843
1683 1867
1684 1206
1685 1739
1686 1225
1687 1753
1688 1698
1689 1518
1690 1814
1691 1507
1692 1201
1693 1388
1694 2152
1695 1722
1696 2192
1697 1279
1698 1914
1699 1513
1700 2192
1701 1659
1702 1845
1703 1391
1704 1588
1705 1002
1706 1231
1707 1788
1708 1872
1709 1256
1710 1451
1711 1450
1712 1485
1713 1413
1714 1867
1715 1042
1716 1633
1717 1657
1718 1930
1719 1794
1720 1506
1721 1652
1722 2531
1723 1314
1724 1940
1725 1835
1726 1644
1727 1928
1728 1665
1729 1745
1730 1654
1731 INF
1732 494
1733 1618
1734 1675
1735 1435
1736 1402
1737 1455
1738 1594
1739 1377
1740 1673
1741 1874
1742 1775
1743 1280
1744 1884
1745 980
1746 1430
1747 940
1748 1572
1749 2349
1750 1289
1751 2103
1752 2548
1753 1540
1754 1891
1755 1358
1756 1993
1757 1524
1758 1771
1759 1217
1760 2218
1761 2243
1762 1742
1763 1679
1764 1610
1765 1274
1766 1706
1767 1053
1768 1736
1769 1580
1770 1860
1771 1904
1772 INF
1773 1542
1774 1474
1775 1079
1776 1280
1777 1545
1778 1762
1779 1582
1780 1356
1781 2219
1782 1981
1783 1857
1784 1735
1785 2347
1786 1523
1787 2516
1788 1029
1789 1831
1790 1644
1791 1762
1792 2871
1793 1833
1794 1499
1795 1426
1796 1796
1797 1459
1798 1852
1799 1691
1800 1530
1801 1623
1802 1353
1803 1817
1804 2011
1805 2364
1806 2149
1807 1478
1808 1606
1809 1545
1810 1686
1811 1566
1812 1472
1813 1266
1814 2159
1815 982
1816 1978
1817 1538
1818 1900
1819 1857
1820 1271
1821 1127
1822 1847
1823 986
1824 1816
1825 966
1826 1489
1827 1395
1828 1781
1829 1347
1830 1622
1831 1665
1832 922
1833 1541
1834 1535
1835 1612
1836 1694
1837 1674
1838 1723
1839 1792
1840 1720
1841 1612
1842 1279
1843 1882
1844 1638
1845 1864
1846 1756
1847 1718
1848 1958
1849 1844
1850 1911
1851 1234
1852 1313
1853 1660
1854 2028
1855 800
1856 1641
1857 1676
1858 1643
1859 1759
1860 1618
1861 1980
1862 1961
1863 1814
1864 2260
1865 1690
1866 1652
1867 1879
1868 1804
1869 1955
1870 1490
1871 2033
1872 1604
1873 1373
1874 1468
1875 2220
1876 1628
1877 2033
1878 1951
1879 1656
1880 1923
1881 1343
1882 1528
1883 1243
1884 1619
1885 1415
1886 1682
1887 1758
1888 1975
1889 1099
1890 1979
1891 1173
1892 1502
1893 1889
1894 2254
1895 2008
1896 1388
1897 1968
1898 951
1899 1409
1900 1650
1901 1345
1902 1942
1903 952
1904 1332
1905 1859
1906 1860
1907 1363
1908 2533
1909 1584
1910 1451
1911 1249
1912 1798
1913 2150
1914 1621
1915 1886
1916 1102
1917 1730
1918 1004
1919 1594
1920 1716
1921 1823
1922 1521
1923 1774
1924 2193
1925 1529
1926 1750
1927 1512
1928 2115
1929 2165
1930 2142
1931 1570
1932 1197
1933 1346
1934 2083
1935 1579
1936 1614
1937 2100
1938 1748
1939 1442
1940 1539
1941 1941
1942 1207
1943 1315
1944 1309
1945 1473
1946 1473
1947 1504
1948 1825
1949 1655
1950 INF
1951 1772
1952 1470
1953 1935
1954 1802
1955 2090
1956 2166
1957 1746
1958 3085
1959 938
1960 1448
1961 2054
1962 1935
1963 1895
1964 1052
1965 1659
1966 1396
1967 1638
1968 1855
1969 1661
1970 1331
1971 1233
1972 1880
1973 1131
1974 1696
1975 1696
1976 1195
1977 1517
1978 1185
1979 2029
1980 819
1981 1739
1982 1428
1983 1283
1984 1578
1985 1530
1986 1490
1987 1140
1988 1758
1989 2133
1990 1726
1991 1912
1992 1795
1993 1088
1994 1369
1995 764
1996 1910
1997 2199
1998 2060
1999 1778
2000 903
2001 2438
2002 1579
2003 146
2004 1615
2005 1865
2006 1765
2007 2036
2008 2084
2009 2021
2010 1564
2011 1535
2012 1532
2013 1711
2014 1948
2015 1594
2016 485
2017 1531
2018 1857
2019 1608
2020 1370
2021 1496
2022 2271
2023 1585
2024 2520
2025 1968
2026 1160
2027 1307
2028 1990
2029 930
2030 2071
2031 2044
2032 1278
2033 2143
2034 1717
2035 1023
2036 1057
2037 1521
2038 1702
2039 1406
2040 1824
2041 1786
2042 2255
2043 1623
2044 1710
2045 1794
2046 1628
2047 1305
2048 1777
2049 1157
2050 1254
2051 1617
2052 1558
2053 1510
2054 1755
2055 1173
2056 1702
2057 1718
2058 INF
2059 1577
2060 1601
2061 1851
2062 1844
2063 1905
2064 914
2065 1155
2066 1652
2067 2060
2068 1615
2069 1640
2070 1392
2071 1691
2072 2235
2073 1099
2074 1964
2075 1969
2076 2221
2077 1543
2078 1884
2079 1541
2080 1232
2081 1985
2082 1642
2083 2715
2084 1445
2085 1443
2086 1497
2087 1445
2088 1595
2089 1844
2090 1621
2091 1502
2092 1905
2093 2001
2094 854
2095 1209
2096 1602
2097 1458
2098 1861
2099 1575
2100 1479
2101 1901
2102 1316
2103 1605
2104 1276
2105 1418
2106 1824
2107 1731
2108 1368
2109 1639
2110 1219
2111 2130
2112 1054
2113 1875
2114 1692
2115 1828
2116 1977
2117 1797
2118 1543
2119 1269
2120 1669
2121 2049
2122 2195
2123 2373
2124 1883
2125 1086
2126 1727
2127 1665
2128 1883
2129 1688
2130 1956
2131 1861
2132 1571
2133 1583
2134 2174
2135 1951
2136 1237
2137 2739
2138 1515
2139 1965
2140 1759
2141 2176
2142 1435
2143 1798
2144 1539
2145 2038
2146 946
2147 1099
2148 1898
2149 1997
2150 1597
2151 1653
2152 1710
2153 1908
2154 1595
2155 1467
2156 3021
2157 2107
2158 1444
2159 1988
2160 2021
2161 1688
2162 1200
2163 1749
2164 2032
2165 2143
2166 1113
2167 1905
2168 1504
2169 1710
2170 2163
2171 1594
2172 1688
2173 2082
2174 890
2175 1610
2176 1481
2177 2273
2178 1287
2179 1865
2180 1986
2181 1728
2182 1890
2183 1765
2184 1966
2185 1185
2186 1625
2187 1982
2188 1245
2189 1632
2190 1674
2191 1462
2192 1691
2193 2107
2194 2013
2195 1984
2196 1643
2197 1517
2198 2224
2199 2515
2200 1771
2201 1820
2202 1755
2203 1387
2204 1821
2205 1508
2206 1026
2207 1829
2208 1161
2209 1701
2210 1469
2211 1602
2212 2184
2213 1604
2214 2164
2215 1341
2216 1728
2217 1710
2218 1610
2219 2193
2220 1703
2221 1782
2222 1840
2223 1981
2224 1963
2225 1442
2226 1506
2227 1269
2228 1433
2229 1793
2230 2034
2231 1807
2232 1730
2233 1789
2234 1986
2235 1178
2236 1657
2237 2080
2238 1095
2239 2136
2240 2316
2241 1484
2242 932
2243 1547
2244 1608
2245 1629
2246 2145
2247 1424
2248 1763
2249 2391
2250 1795
2251 1488
2252 1393
2253 1655
2254 1695
2255 1440
2256 1638
2257 1117
2258 1832
2259 2312
2260 1700
2261 1793
2262 1713
2263 1594
2264 952
2265 1798
2266 1693
2267 1930
2268 1288
2269 1645
2270 1186
2271 2850
2272 1622
2273 1692
2274 1513
2275 1954
2276 1342
2277 1416
2278 1794
2279 1588
2280 1970
2281 1590
2282 1588
2283 1510
2284 1796
2285 2066
2286 1533
2287 1851
2288 1727
2289 2089
2290 2021
2291 1925
2292 1460
2293 1699
2294 1525
2295 1728
2296 2462
2297 1255
2298 1205
2299 1882
2300 1799
2301 1577
2302 973
2303 1498
2304 1392
2305 1930
2306 1517
2307 1961
2308 1636
2309 1549
2310 2113
2311 1342
2312 1111
2313 1545
2314 2370
2315 1239
2316 1554
2317 1313
2318 1556
2319 1577
2320 1541
2321 1503
2322 1675
2323 1223
2324 1783
2325 1810
2326 1838
2327 1035
2328 1643
2329 2346
2330 1675
2331 1547
2332 1517
2333 1032
2334 2354
2335 1995
2336 1632
2337 1975
2338 1571
2339 1533
2340 1558
2341 1436
2342 1565
2343 1932
2344 2202
2345 1675
2346 989
2347 3006
2348 1203
2349 1435
2350 1698
2351 2279
2352 1482
2353 1709
2354 2031
2355 985
2356 1297
2357 1630
2358 1432
2359 1510
2360 1635
2361 1465
2362 2115
2363 1652
2364 1651
2365 1956
2366 1838
2367 1323
2368 1459
2369 1817
2370 728
2371 1610
2372 1668
2373 1716
2374 1869
2375 1322
2376 1410
2377 1065
2378 1888
2379 1949
2380 1689
2381 2183
2382 1290
2383 2153
2384 1798
2385 1101
2386 1396
2387 1694
2388 1707
2389 1915
2390 1540
2391 1186
2392 688
2393 1488
2394 1277
2395 1928
2396 1307
2397 1883
2398 1339
2399 1966
2400 1036
2401 1517
2402 1930
2403 1512
2404 1677
2405 1491
2406 1555
2407 1886
2408 1774
2409 1624
2410 1658
2411 1944
2412 1785
2413 1594
2414 1484
2415 1366
2416 2138
2417 1183
2418 1836
2419 1709
2420 1456
2421 1867
2422 1214
2423 1279
2424 1240
2425 1794
2426 1995
2427 2143
2428 1278
2429 2304
2430 1619
2431 1729
2432 2541
2433 2077
2434 2733
2435 2009
2436 2708
2437 954
2438 1211
2439 1079
2440 965
2441 878
2442 933
2443 1985
2444 1259
2445 1633
2446 1598
2447 1522
2448 1759
2449 1745
2450 1607
2451 1971
2452 1721
2453 1243
2454 1874
2455 1546
2456 1797
2457 1561
2458 2834
2459 2151
2460 2000
2461 1577
2462 2279
2463 1312
2464 1554
2465 INF
2466 1310
2467 1532
2468 769
2469 1205
2470 1858
2471 1633
2472 1749
2473 1507
2474 1872
2475 2025
2476 2170
2477 2070
2478 1389
2479 1814
2480 1912
2481 1464
2482 1257
2483 1749
2484 1571
2485 1415
2486 1270
2487 INF
2488 1609
2489 1837
2490 1207
2491 1973
2492 1164
2493 1555
2494 2442
2495 1407
2496 1418
2497 1562
2498 1701
2499 1992
2500 1379
2501 1794
2502 1480
2503 1575
2504 2110
2505 1686
2506 1555
2507 1649
2508 822
2509 1649
2510 1769
2511 1404
2512 1459
2513 1768
2514 1375
2515 1333
2516 1136
2517 1530
2518 1913
2519 1802
2520 1768
2521 1561
2522 1613
2523 1395
2524 1683
2525 2022
2526 1996
2527 1584
2528 1151
2529 1843
2530 1587
2531 958
2532 1618
2533 1013
2534 1720
2535 1858
2536 1534
2537 1778
2538 1301
2539 1460
2540 1959
2541 2238
2542 920
2543 1061
2544 1549
2545 1377
2546 2089
2547 2087
2548 1717
2549 1766
2550 1887
2551 1654
2552 1740
2553 2295
2554 1671
2555 1940
2556 1447
2557 2127
2558 1868
2559 1781
2560 2004
2561 2386
2562 1849
2563 1499
2564 1996
2565 527
2566 1489
2567 1156
2568 1304
2569 1266
2570 1082
2571 1466
2572 1982
2573 1384
2574 1324
2575 1582
2576 1896
2577 1449
2578 2531
2579 2010
2580 1457
2581 1439
2582 2112
2583 1725
2584 1223
2585 1706
2586 2133
2587 2240
2588 1758
2589 1657
2590 2171
2591 1418
2592 1895
2593 1383
2594 1755
2595 1978
2596 1655
2597 1806
2598 1427
2599 1601
2600 1268
2601 1774
2602 1690
2603 1477
2604 910
2605 1363
2606 1428
2607 1053
2608 1829
2609 1406
2610 1077
2611 1816
2612 1639
2613 2371
2614 1802
2615 1650
2616 1647
2617 1340
2618 1300
2619 1010
2620 1150
2621 1815
2622 1576
2623 1812
2624 1570
2625 1625
2626 1941
2627 1600
2628 1482
2629 1304
2630 1797
2631 1997
2632 1548
2633 1083
2634 870
2635 1707
2636 1556
2637 1847
2638 2081
2639 957
2640 1576
2641 1667
2642 1615
2643 1148
2644 1475
2645 1470
2646 1414
2647 1544
2648 1466
2649 1135
2650 1492
2651 921
2652 1427
2653 1479
2654 1350
2655 1539
2656 1729
2657 2655
2658 1685
2659 1498
2660 1894
2661 1218
2662 1578
2663 2321
2664 1694
2665 2681
2666 1526
2667 1839
2668 2139
2669 1736
2670 1471
2671 1128
2672 1500
2673 1785
2674 1747
2675 1791
2676 2936
2677 1900
2678 1443
2679 1881
2680 1351
2681 1625
2682 1278
2683 1737
2684 1891
2685 1496
2686 1556
2687 1618
2688 1918
2689 1456
2690 1340
2691 2313
2692 2231
2693 1636
2694 1736
2695 2370
2696 1855
2697 1491
2698 1632
2699 2018
2700 1235
2701 1769
2702 1565
2703 1782
2704 1470
2705 1926
2706 1458
2707 2228
2708 1980
2709 2300
2710 1432
2711 1670
2712 1617
2713 1878
2714 1105
2715 1428
2716 1533
2717 1457
2718 1452
2719 2080
2720 825
2721 1988
2722 1880
2723 1745
2724 1780
2725 2079
2726 1287
2727 879
2728 1209
2729 1362
2730 1641
2731 2076
2732 1743
2733 1514
2734 1616
2735 INF
2736 1521
2737 2132
2738 1643
2739 1907
2740 650
2741 1700
2742 1955
2743 2071
2744 1851
2745 2191
2746 1765
2747 2403
2748 1004
2749 1723
2750 1626
2751 1626
2752 1632
2753 1779
2754 461
2755 1120
2756 2288
2757 1611
2758 1384
2759 1664
2760 1980
2761 1097
2762 1757
2763 1393
2764 1878
2765 1956
2766 850
2767 1757
2768 1047
2769 2221
2770 1343
2771 2537
2772 1724
2773 1615
2774 1279
2775 1652
2776 1646
2777 1945
2778 INF
2779 1815
2780 489
2781 1774
2782 2009
2783 1588
2784 1473
2785 1750
2786 1262
2787 1879
2788 2036
2789 2058
2790 2144
2791 1817
2792 2674
2793 1259
2794 1224
2795 1526
2796 1854
2797 1783
2798 2104
2799 1727
2800 1867
2801 1624
2802 1599
2803 1785
2804 1205
2805 1459
2806 1872
2807 1195
2808 1170
2809 1377
2810 1783
2811 1502
2812 1686
2813 2411
2814 1661
2815 1364
2816 1550
2817 1510
2818 1661
2819 1765
2820 1775
2821 1489
2822 1713
2823 1876
2824 1556
2825 1892
2826 1872
2827 1925
2828 807
2829 2346
2830 1802
2831 1666
2832 1171
2833 1457
2834 1713
2835 1562
2836 1394
2837 2040
2838 1795
2839 1560
2840 1527
2841 2249
2842 2357
2843 1922
2844 1558
2845 1725
2846 1479
2847 2261
2848 1600
2849 1752
2850 1076
2851 1485
2852 2128
2853 1826
2854 1820
2855 1505
2856 1740
2857 2046
2858 1386
2859 1513
2860 1655
2861 1750
2862 1772
2863 1744
2864 1988
2865 1904
2866 1651
2867 1080
2868 1324
2869 1763
2870 1701
2871 1997
2872 1642
2873 2041
2874 1917
2875 1133
2876 1685
2877 1894
2878 1059
2879 1381
2880 1922
2881 1196
2882 1443
2883 1738
2884 1663
2885 1506
2886 1749
2887 1908
2888 1423
2889 1137
2890 2037
2891 1662
2892 1238
2893 2136
2894 1661
2895 1656
2896 1996
2897 1618
2898 1143
2899 1881
2900 1553
2901 924
2902 1895
2903 1221
2904 1596
2905 1333
2906 1208
2907 1801
2908 1993
2909 1047
2910 1628
2911 1366
2912 1730
2913 1484
2914 2002
2915 2035
2916 944
2917 1861
2918 1171
2919 1624
2920 2130
2921 1356
2922 2089
2923 1336
2924 1956
2925 1277
2926 1345
2927 1764
2928 2103
2929 1343
2930 1313
2931 1606
2932 1773
2933 1352
2934 1344
2935 1860
2936 1101
2937 1485
2938 1600
2939 1848
2940 1568
2941 1482
2942 1678
2943 1639
2944 1336
2945 1556
2946 2008
2947 1629
2948 1981
2949 1574
2950 1506
2951 1810
2952 2087
2953 1821
2954 1653
2955 1897
2956 2077
2957 1871
2958 1837
2959 1314
2960 1753
2961 1577
2962 1093
2963 1337
2964 2584
2965 2438
2966 1469
2967 1328
2968 1796
2969 1124
2970 1979
2971 1658
2972 1774
2973 1887
2974 1207
2975 2447
2976 1832
2977 1479
2978 1279
2979 1303
2980 2318
2981 1425
2982 1489
2983 1601
2984 1675
2985 1642
2986 1321
2987 1760
2988 1976
2989 1213
2990 1496
2991 1210
2992 1457
2993 1847
2994 1719
2995 2227
2996 1031
2997 1612
2998 1600
2999 1591
3000 1698
3001 1434
3002 1891
3003 1936
3004 2096
3005 1850
3006 1560
3007 1750
3008 1463
3009 2432
3010 2062
3011 1714
3012 INF
3013 1474
3014 1530
3015 1158
3016 829
3017 1616
3018 2002
3019 1870
3020 1799
3021 1329
3022 1503
3023 1381
3024 1724
3025 1529
3026 1077
3027 1530
3028 1705
3029 1873
3030 1816
3031 633
3032 1512
3033 1591
3034 1423
3035 1600
3036 2097
3037 1677
3038 1113
3039 1124
3040 1477
3041 1039
3042 1570
3043 1932
3044 1878
3045 1645
3046 1937
3047 1808
3048 1364
3049 1748
3050 1783
3051 1651
3052 1584
3053 2083
3054 1198
3055 1328
3056 2230
3057 1338
3058 2070
3059 1521
3060 1689
3061 2158
3062 1680
3063 1397
3064 1710
3065 1298
3066 1488
3067 1814
3068 1362
3069 1560
3070 2044
3071 2093
3072 1741
3073 1776
3074 1366
3075 1361
3076 2060
3077 1517
3078 1921
3079 1951
3080 2131
3081 1822
3082 2336
3083 2490
3084 1528
3085 1597
3086 1588
3087 928
3088 1570
3089 1809
3090 2331
3091 1650
3092 1645
3093 1708
3094 1821
3095 1692
3096 1898
3097 179
3098 1797
3099 2048
3100 1081
3101 1830
3102 1596
3103 1952
3104 1312
3105 1976
3106 1316
3107 1307
3108 2042
3109 1051
3110 1204
3111 2427
3112 1415
3113 1800
3114 1721
3115 1567
3116 1543
3117 1792
3118 1755
3119 1336
3120 1332
3121 1176
3122 1911
3123 1176
3124 2359
3125 1252
3126 2015
3127 1607
3128 1899
3129 1634
3130 1855
3131 1637
3132 1854
3133 2002
3134 1249
3135 1847
3136 1578
3137 2214
3138 1660
3139 1923
3140 1966
3141 1996
3142 1960
3143 958
3144 1330
3145 1832
3146 1616
3147 899
3148 2108
3149 1273
3150 1845
3151 1112
3152 1156
3153 1509
3154 1007
3155 1284
3156 826
3157 1558
3158 1186
3159 929
3160 1527
3161 2384
3162 2093
3163 1636
3164 1717
3165 1434
3166 1524
3167 1840
3168 1756
3169 2144
3170 1758
3171 1842
3172 1934
3173 1470
3174 1796
3175 1486
3176 2218
3177 1366
3178 1425
3179 1809
3180 1493
3181 1802
3182 1609
3183 1624
3184 1823
3185 1794
3186 1722
3187 1915
3188 1486
3189 1929
3190 1095
3191 1439
3192 2084
3193 653
3194 1516
3195 1840
3196 1455
3197 1996
3198 1545
3199 1606
3200 1545
3201 1557
3202 2159
3203 2119
3204 1980
3205 2227
3206 1224
3207 2456
3208 1073
3209 1732
3210 2028
3211 1093
3212 1791
3213 1387
3214 1340
3215 1305
3216 1396
3217 1901
3218 1964
3219 2638
3220 1530
3221 1481
3222 1739
3223 1216
3224 1416
3225 1733
3226 1264
3227 1460
3228 1105
3229 1608
3230 2143
3231 1195
3232 INF
3233 1230
3234 1062
3235 1156
3236 1337
3237 1682
3238 907
3239 1519
3240 1724
3241 2328
3242 2049
3243 1587
3244 1351
3245 1324
3246 1567
3247 1377
3248 1469
3249 1670
3250 1888
3251 1623
3252 1244
3253 1755
3254 1674
3255 2052
3256 1649
3257 1457
3258 1599
3259 779
3260 1318
3261 1717
3262 2037
3263 1384
3264 1322
3265 922
3266 2105
3267 1547
3268 1395
3269 1749
3270 1375
3271 1199
3272 1343
3273 1894
3274 1722
3275 294
3276 1402
3277 1424
3278 1635
3279 1661
3280 2255
3281 1737
3282 1903
3283 1891
3284 1545
3285 1733
3286 2229
3287 2144
3288 1725
3289 1725
3290 1444
3291 1631
3292 1130
3293 1319
3294 1245
3295 1719
3296 1219
3297 1313
3298 1640
3299 1731
3300 1194
3301 2019
3302 2222
3303 1308
3304 1590
3305 1141
3306 1691
3307 2433
3308 1394
3309 1881
3310 1160
3311 1098
3312 1451
3313 1474
3314 1885
3315 2263
3316 1697
3317 1370
3318 1473
3319 1481
3320 2455
3321 1602
3322 1070
3323 1564
3324 1004
3325 2202
3326 1535
3327 1201
3328 1348
3329 1981
3330 1940
3331 1585
3332 1486
3333 1252
3334 2477
3335 1470
3336 1552
3337 1071
3338 2288
3339 1887
3340 1990
3341 1299
3342 1833
3343 2110
3344 2169
3345 1792
3346 1703
3347 1965
3348 2263
3349 923
3350 1797
3351 1907
3352 1793
3353 1911
3354 1560
3355 1889
3356 2208
3357 2146
3358 1635
3359 1948
3360 1522
3361 2025
3362 1584
3363 1618
3364 1252
3365 1825
3366 1433
3367 2541
3368 2113
3369 2009
3370 1708
3371 1624
3372 1827
3373 1573
3374 2042
3375 1001
3376 1587
3377 1232
3378 1696
3379 1571
3380 1513
3381 2295
3382 1607
3383 892
3384 2364
3385 1466
3386 1384
3387 1880
3388 564
3389 1934
3390 1501
3391 1923
3392 2198
3393 1861
3394 1342
3395 1423
3396 2018
3397 1514
3398 1891
3399 1625
3400 1278
3401 1348
3402 2412
3403 1748
3404 1971
3405 1655
3406 1790
3407 1450
3408 1570
3409 1085
3410 2163
3411 1576
3412 1353
3413 1502
3414 2212
3415 1486
3416 1561
3417 1635
3418 1765
3419 2272
3420 1399
3421 1740
3422 2307
3423 1450
3424 1572
3425 1808
3426 1508
3427 1742
3428 1365
3429 1477
3430 1343
3431 1857
3432 1587
3433 1785
3434 1428
3435 1778
3436 1411
3437 1900
3438 1366
3439 1677
3440 1133
3441 1105
3442 1827
3443 1351
3444 1813
3445 2084
3446 1191
3447 1890
3448 1638
3449 1572
3450 1351
3451 1947
3452 1905
3453 1644
3454 1766
3455 1777
3456 1756
3457 1468
3458 1211
3459 1525
3460 1191
3461 1583
3462 2431
3463 1432
3464 1270
3465 1501
3466 1575
3467 1752
3468 1647
3469 2176
3470 1285
3471 2320
3472 1168
3473 1809
3474 1670
3475 1336
3476 1280
3477 895
3478 1789
3479 2502
3480 1128
3481 1956
3482 1715
3483 1554
3484 2235
3485 1963
3486 1352
3487 1781
3488 1209
3489 798
3490 1509
3491 1828
3492 1635
3493 2090
3494 2552
3495 1807
3496 2351
3497 2057
3498 1904
3499 1612
3500 1721
3501 1818
3502 1370
3503 1397
3504 1451
3505 1639
3506 1592
3507 1510
3508 1534
3509 1856
3510 1580
3511 1780
3512 896
3513 1048
3514 1511
3515 1933
3516 1805
3517 1538
3518 1279
3519 2611
3520 1415
3521 1454
3522 1767
3523 1793
3524 2291
3525 1376
3526 1465
3527 1704
3528 1722
3529 1976
3530 2013
3531 1894
3532 2060
3533 1331
3534 1725
3535 1500
3536 1038
3537 2543
3538 2327
3539 1869
3540 245
3541 2459
3542 935
3543 1681
3544 2044
3545 1511
3546 2439
3547 1576
3548 2073
3549 1018
3550 1351
3551 1157
3552 1629
3553 1780
3554 1660
3555 2049
3556 2717
3557 1256
3558 1634
3559 1413
3560 1884
3561 2192
3562 1904
3563 984
3564 1257
3565 1866
3566 1396
3567 1708
3568 1324
3569 1515
3570 1763
3571 1929
3572 1623
3573 1281
3574 1651
3575 2180
3576 1524
3577 1342
3578 1650
3579 1888
3580 1429
3581 1751
3582 1736
3583 994
3584 1551
3585 1785
3586 1068
3587 1568
3588 1691
3589 1259
3590 2384
3591 1495
3592 1652
3593 1050
3594 1938
3595 1822
3596 1459
3597 1770
3598 1808
3599 1320
3600 1747
3601 467
3602 1764
3603 1306
3604 1496
3605 1737
3606 1448
3607 1699
3608 1495
3609 1470
3610 1484
3611 1683
3612 2081
3613 1624
3614 1064
3615 1397
3616 2126
3617 2022
3618 1343
3619 1777
3620 1694
3621 2010
3622 1260
3623 1795
3624 1464
3625 1646
3626 1549
3627 1736
3628 1050
3629 1356
3630 1540
3631 1490
3632 1485
3633 1464
3634 1969
3635 1390
3636 2327
3637 1446
3638 1692
3639 1381
3640 334
3641 1913
3642 1679
3643 1569
3644 1275
3645 1645
3646 1642
3647 1837
3648 1760
3649 1425
3650 2620
3651 1799
3652 1724
3653 1510
3654 1734
3655 1381
3656 1891
3657 1641
3658 1028
3659 1642
3660 1893
3661 1779
3662 1928
3663 1515
3664 1403
3665 828
3666 1682
3667 987
3668 1956
3669 1756
3670 1909
3671 1937
3672 1447
3673 1538
3674 1856
3675 1632
3676 1248
3677 1727
3678 INF
3679 2034
3680 1590
3681 1417
3682 1983
3683 959
3684 984
3685 1667
3686 1591
3687 1832
3688 2032
3689 1456
3690 1433
3691 1331
3692 1776
3693 2860
3694 1757
3695 1628
3696 1689
3697 1525
3698 1601
3699 1830
3700 1802
3701 1295
3702 2070
3703 1222
3704 2156
3705 2058
3706 1923
3707 1419
3708 1753
3709 2229
3710 1912
3711 1386
3712 1362
3713 2382
3714 1483
3715 1725
3716 1390
3717 1768
3718 1493
3719 1679
3720 1576
3721 1676
3722 1832
3723 1608
3724 1690
3725 676
3726 1672
3727 2494
3728 1647
3729 1830
3730 1937
3731 2235
3732 1011
3733 2030
3734 1796
3735 1593
3736 1839
3737 1800
3738 1774
3739 1925
3740 1596
3741 1853
3742 1775
3743 1631
3744 1546
3745 1716
3746 1873
3747 1187
3748 1565
3749 1649
3750 1147
3751 1983
3752 1314
3753 681
3754 1576
3755 1713
3756 1786
3757 1902
3758 1922
3759 1639
3760 1765
3761 1481
3762 1650
3763 2424
3764 1448
3765 1923
3766 1483
3767 1241
3768 1740
3769 1841
3770 1801
3771 1622
3772 1941
3773 1572
3774 1856
3775 1709
3776 858
3777 1630
3778 1536
3779 1241
3780 1647
3781 1843
3782 1497
3783 1064
3784 1575
3785 1949
3786 1486
3787 1677
3788 1899
3789 INF
3790 INF
3791 1436
3792 1846
3793 1547
3794 1629
3795 2209
3796 1454
3797 1371
3798 1572
3799 1992
3800 1847
3801 1771
3802 1756
3803 1878
3804 1594
3805 1478
3806 1690
3807 1759
3808 1988
3809 2098
3810 INF
3811 1581
3812 1306
3813 1821
3814 1467
3815 1400
3816 1528
3817 1832
3818 1413
3819 1286
3820 1695
3821 1995
3822 1802
3823 1452
3824 1587
3825 2080
3826 2350
3827 1319
3828 1821
3829 1636
3830 1114
3831 1993
3832 2729
3833 1742
3834 2136
3835 1552
3836 2117
3837 1254
3838 1817
3839 1567
3840 2080
3841 1756
3842 1633
3843 1365
3844 2355
3845 1443
3846 972
3847 1986
3848 2167
3849 1501
3850 2281
3851 1529
3852 1339
3853 2397
3854 1638
3855 1983
3856 1721
3857 1659
3858 2405
3859 1865
3860 1346
3861 2262
3862 1088
3863 1761
3864 1739
3865 1428
3866 INF
3867 1816
3868 1717
3869 1591
3870 2299
3871 1754
3872 1397
3873 1432
3874 1745
3875 1597
3876 1583
3877 1249
3878 2331
3879 1717
3880 2131
3881 2007
3882 1852
3883 2049
3884 1271
3885 1543
3886 1307
3887 1510
3888 1383
3889 1847
3890 1890
3891 2161
3892 1866
3893 1917
3894 1514
3895 1950
3896 1509
3897 1200
3898 1818
3899 2464
3900 1942
3901 1614
3902 1883
3903 1493
3904 1171
3905 1734
3906 1957
3907 1423
3908 2071
3909 1344
3910 1789
3911 847
3912 1927
3913 1614
3914 1511
3915 1364
3916 1766
3917 1424
3918 1721
3919 1580
3920 1988
3921 1149
3922 1052
3923 2181
3924 2433
3925 1193
3926 1612
3927 1425
3928 1296
3929 1411
3930 1248
3931 1480
3932 1919
3933 1554
3934 1695
3935 1326
3936 1661
3937 1604
3938 1927
3939 1939
3940 1610
3941 1712
3942 1550
3943 1330
3944 1652
3945 1892
3946 1447
3947 1953
3948 2088
3949 1740
3950 1448
3951 1941
3952 903
3953 1820
3954 2725
3955 1499
3956 2078
3957 2560
3958 1991
3959 2009
3960 1416
3961 1679
3962 1768
3963 2226
3964 1838
3965 2359
3966 1804
3967 1720
3968 2102
3969 2054
3970 1334
3971 2017
3972 1815
3973 2080
3974 748
3975 1310
3976 2059
3977 1863
3978 1952
3979 1258
3980 1909
3981 1380
3982 1224
3983 1517
3984 1837
3985 1831
3986 1096
3987 2195
3988 1525
3989 1686
3990 1251
3991 1792
3992 1523
3993 905
3994 1682
3995 1690
3996 1666
3997 2095
3998 1742
3999 1742
4000 1233
4001 1222
4002 1340
4003 2018
4004 2020
4005 1721
4006 1864
4007 1588
4008 1393
4009 1757
4010 2573
4011 1279
4012 1019
4013 1810
4014 1079
4015 1687
4016 1555
4017 1532
4018 1638
4019 1582
4020 1466
4021 1944
4022 1720
4023 2153
4024 1886
4025 1688
4026 1594
4027 1017
4028 1823
4029 1713
4030 1084
4031 1785
4032 INF
4033 1446
4034 1618
4035 2010
4036 1901
4037 2617
4038 1336
4039 2066
4040 1993
4041 2384
4042 1833
4043 2104
4044 1901
4045 1518
4046 1847
4047 1382
4048 1390
4049 1584
4050 1678
4051 1568
4052 1477
4053 1965
4054 1592
4055 2170
4056 1498
4057 1611
4058 1547
4059 1329
4060 1513
4061 1024
4062 1600
4063 2163
4064 1489
4065 1824
4066 1611
4067 2310
4068 1296
4069 1760
4070 1322
4071 1999
4072 1878
4073 1678
4074 1648
4075 1972
4076 1665
4077 1021
4078 2092
4079 2222
4080 1271
4081 1514
4082 2072
4083 1265
4084 1485
4085 1400
4086 1549
4087 1843
4088 1670
4089 1604
4090 1801
4091 2088
4092 1535
4093 2133
4094 1072
4095 1143
4096 1625
4097 2429
4098 2190
4099 1253
4100 1602
4101 2209
4102 1815
4103 1072
4104 1837
4105 1635
4106 1718
4107 1531
4108 1526
4109 2146
4110 1554
4111 1680
4112 1337
4113 1544
4114 1537
4115 1849
4116 1487
4117 901
4118 1905
4119 1850
4120 1358
4121 1489
4122 1473
4123 1320
4124 201
4125 1462
4126 1052
4127 1135
4128 1862
4129 1962
4130 1249
4131 2120
4132 1171
4133 1695
4134 1117
4135 2217
4136 1268
4137 1594
4138 1877
4139 2324
4140 1464
4141 1647
4142 1693
4143 1314
4144 1611
4145 1874
4146 1856
4147 1645
4148 1840
4149 1882
4150 1662
4151 1157
4152 2365
4153 1715
4154 1089
4155 1542
4156 1679
4157 1546
4158 2115
4159 1974
4160 1466
4161 1797
4162 1273
4163 1566
4164 1713
4165 1876
4166 938
4167 2044
4168 1822
4169 1719
4170 2034
4171 2178
4172 1595
4173 1610
4174 889
4175 1265
4176 1103
4177 1481
4178 1834
4179 1315
4180 1626
4181 1489
4182 1357
4183 1642
4184 809
4185 1911
4186 1919
4187 1263
4188 1526
4189 1708
4190 1642
4191 1359
4192 1459
4193 1399
4194 1193
4195 1489
4196 1158
4197 1808
4198 1615
4199 1669
4200 1694
4201 1461
4202 2563
4203 1886
4204 2023
4205 2230
4206 1950
4207 901
4208 1744
4209 1781
4210 1615
4211 1743
4212 1693
4213 1593
4214 1842
4215 1753
4216 1787
4217 1890
4218 2007
4219 957
4220 1996
4221 1703
4222 1334
4223 1560
4224 838
4225 2612
4226 1683
4227 1376
4228 2478
4229 1777
4230 1552
4231 1743
4232 2114
4233 1921
4234 1909
4235 1770
4236 1500
4237 2306
4238 1067
4239 1682
4240 1935
4241 2246
4242 1890
4243 2003
4244 1101
4245 2029
4246 1424
4247 1648
4248 1609
4249 1292
4250 1785
4251 1518
4252 2020
4253 1960
4254 1603
4255 2050
4256 1614
4257 1530
4258 1551
4259 1412
4260 822
4261 1919
4262 1716
4263 1366
4264 2454
4265 1917
4266 1022
4267 2434
4268 1493
4269 1490
4270 1642
4271 1890
4272 1895
4273 2352
4274 1796
4275 1967
4276 1279
4277 1582
4278 1767
4279 1744
4280 1913
4281 1743
4282 1931
4283 1471
4284 1250
4285 1885
4286 1615
4287 1395
4288 1270
4289 906
4290 2031
4291 1185
4292 1781
4293 1756
4294 INF
4295 1705
4296 1441
4297 1978
4298 1610
4299 1472
4300 2300
4301 1295
4302 1534
4303 2070
4304 2618
4305 1983
4306 1910
4307 1572
4308 1205
4309 1741
4310 2034
4311 1495
4312 1851
4313 1474
4314 957
4315 1773
4316 1425
4317 2377
4318 2105
4319 1819
4320 1987
4321 1766
4322 1704
4323 2141
4324 1565
4325 2078
4326 2373
4327 1568
4328 2638
4329 1354
4330 1836
4331 1662
4332 1492
4333 1307
4334 1848
4335 1395
4336 1855
4337 1208
4338 1583
4339 1763
4340 1725
4341 1835
4342 1829
4343 1620
4344 1733
4345 1738
4346 1689
4347 1761
4348 1443
4349 2282
4350 1312
4351 1726
4352 1888
4353 1156
4354 756
4355 1295
4356 1352
4357 1672
4358 1445
4359 1326
4360 1491
4361 1795
4362 1866
4363 1479
4364 1504
4365 1747
4366 1341
4367 1463
4368 2077
4369 1688
4370 1647
4371 2420
4372 933
4373 1639
4374 1637
4375 1615
4376 2297
4377 2081
4378 1721
4379 1835
4380 1499
4381 1637
4382 1433
4383 1482
4384 1529
4385 2112
4386 1399
4387 1952
4388 1977
4389 1625
4390 1864
4391 1468
4392 1390
4393 1416
4394 1446
4395 1772
4396 1579
4397 1150
4398 2603
4399 1697
4400 2185
4401 1348
4402 1897
4403 1690
4404 1860
4405 1370
4406 1705
4407 2010
4408 1510
4409 1385
4410 973
4411 2024
4412 1947
4413 1334
4414 1755
4415 2112
4416 1876
4417 2203
4418 1711
4419 1140
4420 1175
4421 1804
4422 1872
4423 1306
4424 1371
4425 1743
4426 1644
4427 1413
4428 1495
4429 1732
4430 1881
4431 1728
4432 1547
4433 1755
4434 2301
4435 1596
4436 2215
4437 1846
4438 2060
4439 1344
4440 1665
4441 1519
4442 1457
4443 1294
4444 1965
4445 2157
4446 1217
4447 1593
4448 1462
4449 2063
4450 2002
4451 2158
4452 1787
4453 2552
4454 2020
4455 1662
4456 1522
4457 1809
4458 1898
4459 1647
4460 1897
4461 1170
4462 1720
4463 1367
4464 1741
4465 1718
4466 2838
4467 1949
4468 2368
4469 2337
4470 1714
4471 1896
4472 2095
4473 1834
4474 1496
4475 1186
4476 1745
4477 1543
4478 1627
4479 1400
4480 1483
4481 1886
4482 1669
4483 1262
4484 2079
4485 1217
4486 2051
4487 1747
4488 1980
4489 1646
4490 2061
4491 1809
4492 1231
4493 1440
4494 1048
4495 1500
4496 1367
4497 1661
4498 1622
4499 1986
4500 1807
4501 2138
4502 1666
4503 1944
4504 1707
4505 1540
4506 1942
4507 2132
4508 1916
4509 2161
4510 1300
4511 1308
4512 1946
4513 1799
4514 2132
4515 1680
4516 1440
4517 1420
4518 1632
4519 2126
4520 1898
4521 1324
4522 2192
4523 1899
4524 1249
4525 1523
4526 613
4527 1456
4528 1400
4529 1673
4530 1069
4531 1600
4532 1633
4533 2236
4534 1605
4535 1773
4536 1751
4537 1293
4538 1905
4539 1934
4540 1525
4541 1669
4542 1587
4543 1681
4544 2679
4545 1683
4546 1151
4547 1851
4548 2315
4549 1936
4550 2193
4551 1515
4552 1023
4553 2178
4554 1786
4555 1142
4556 1416
4557 2104
4558 1582
4559 1330
4560 1586
4561 1548
4562 1422
4563 1482
4564 1831
4565 1406
4566 1505
4567 1469
4568 1592
4569 1674
4570 1769
4571 1895
4572 2307
4573 1606
4574 1762
4575 1236
4576 1441
4577 1534
4578 1966
4579 1756
4580 1747
4581 1228
4582 1444
4583 1982
4584 2071
4585 1685
4586 2050
4587 1804
4588 1417
4589 2182
4590 1369
4591 1321
4592 2117
4593 1612
4594 1663
4595 1774
4596 2059
4597 1567
4598 2382
4599 1509
4600 1131
4601 1411
4602 1648
4603 1595
4604 2003
4605 2200
4606 1250
4607 1274
4608 1742
4609 2784
4610 2243
4611 2013
4612 1964
4613 1048
4614 2319
4615 1870
4616 1525
4617 1953
4618 1509
4619 1559
4620 1913
4621 1528
4622 1682
4623 2218
4624 1843
4625 1620
4626 1682
4627 1999
4628 578
4629 1576
4630 1719
4631 1194
4632 1651
4633 1727
4634 1160
4635 1393
4636 1997
4637 2141
4638 1854
4639 1452
4640 1274
4641 1710
4642 1290
4643 1734
4644 1884
4645 1952
4646 1771
4647 1850
4648 1264
4649 2516
4650 1785
4651 1540
4652 1183
4653 1951
4654 1388
4655 1565
4656 2285
4657 1791
4658 1361
4659 1599
4660 1442
4661 1929
4662 918
4663 1288
4664 1599
4665 1486
4666 2156
4667 1983
4668 991
4669 530
4670 1549
4671 1348
4672 2311
4673 1026
4674 2016
4675 1661
4676 2097
4677 1414
4678 1599
4679 1628
4680 1515
4681 1030
4682 1766
4683 1620
4684 1879
4685 1455
4686 1593
4687 1427
4688 1808
4689 1206
4690 1514
4691 1887
4692 1672
4693 1459
4694 1733
4695 1423
4696 1783
4697 1596
4698 1260
4699 1857
4700 2125
4701 1865
4702 1486
4703 1593
4704 1825
4705 1416
4706 1757
4707 2143
4708 1452
4709 1729
4710 1477
4711 2115
4712 2038
4713 1381
4714 1005
4715 1639
4716 1773
4717 1744
4718 1446
4719 1782
4720 1539
4721 2602
4722 2221
4723 1714
4724 1382
4725 1899
4726 1425
4727 1933
4728 1606
4729 1943
4730 1404
4731 1904
4732 1853
4733 1305
4734 1890
4735 1382
4736 1692
4737 1703
4738 1423
4739 1465
4740 1632
4741 1591
4742 1580
4743 1763
4744 1702
4745 1675
4746 1962
4747 2024
4748 1801
4749 1674
4750 1884
4751 1486
4752 1659
4753 2729
4754 1620
4755 1450
4756 1413
4757 996
4758 1924
4759 1725
4760 1488
4761 1487
4762 1521
4763 1788
4764 1151
4765 1444
4766 2167
4767 1213
4768 2169
4769 1727
4770 1458
4771 1601
4772 1755
4773 1564
4774 1181
4775 1793
4776 1865
4777 1415
4778 1945
4779 1271
4780 2010
4781 1558
4782 1466
4783 1603
4784 1848
4785 INF
4786 1584
4787 2075
4788 1906
4789 2285
4790 1622
4791 1457
4792 1591
4793 1197
4794 2353
4795 1301
4796 1722
4797 2302
4798 1738
4799 2032
4800 1762
4801 2308
4802 1630
4803 1542
4804 2095
4805 2279
4806 2539
4807 1325
4808 1642
4809 1423
4810 1824
4811 1607
4812 1509
4813 1517
4814 2779
4815 1505
4816 1685
4817 1897
4818 1195
4819 2072
4820 1334
4821 1340
4822 1428
4823 1804
4824 1182
4825 2014
4826 1603
4827 1210
4828 1957
4829 1908
4830 1831
4831 1820
4832 1667
4833 1796
4834 1760
4835 1764
4836 1204
4837 2061
4838 1420
4839 1810
4840 1612
4841 1523
4842 972
4843 1144
4844 2161
4845 1701
4846 1656
4847 1780
4848 1526
4849 2041
4850 1993
4851 1055
4852 1649
4853 2067
4854 1174
4855 1675
4856 1672
4857 1268
4858 2007
4859 1629
4860 1752
4861 1734
4862 1597
4863 1359
4864 1977
4865 2012
4866 1909
4867 1496
4868 1743
4869 1778
4870 763
4871 1062
4872 1840
4873 1541
4874 1908
4875 1034
4876 1755
4877 1841
4878 1373
4879 1690
4880 1479
4881 1783
4882 1578
4883 1485
4884 1909
4885 1290
4886 1405
4887 2162
4888 1480
4889 1808
4890 1742
4891 1475
4892 1956
4893 1875
4894 1915
4895 1852
4896 1139
4897 1699
4898 2118
4899 1205
4900 1698
4901 1788
4902 1403
4903 1819
4904 1044
4905 1272
4906 2265
4907 1780
4908 1718
4909 1216
4910 984
4911 1454
4912 638
4913 1182
4914 2129
4915 1607
4916 2680
4917 1701
4918 1458
4919 1498
4920 1639
4921 1565
4922 1374
4923 1535
4924 1371
4925 1968
4926 1464
4927 1797
4928 1728
4929 1474
4930 1836
4931 1789
4932 2979
4933 1823
4934 1538
4935 1405
4936 1731
4937 INF
4938 2403
4939 1589
4940 1611
4941 1075
4942 1611
4943 1692
4944 1835
4945 1586
4946 1916
4947 1596
4948 1535
4949 1394
4950 2530
4951 1060
4952 1761
4953 1826
4954 2136
4955 1701
4956 1450
4957 1636
4958 1519
4959 1909
4960 1962
4961 1896
4962 1594
4963 1915
4964 1718
4965 1484
4966 1684
4967 1393
4968 1555
4969 1463
4970 1556
4971 1589
4972 1706
4973 1931
4974 1822
4975 1567
4976 1239
4977 1244
4978 1686
4979 1553
4980 3155
4981 1806
4982 1907
4983 1044
4984 1662
4985 1733
4986 1503
4987 1628
4988 2288
4989 1928
4990 2611
4991 693
4992 1731
4993 1367
4994 2077
4995 INF
4996 1746
4997 2482
4998 1455
4999 2217
5000 1430
5001 1443
5002 1175
5003 1564
5004 1750
5005 1852
5006 2126
5007 1806
5008 2008
5009 1951
5010 1521
5011 1960
5012 1334
5013 1862
5014 2035
5015 1660
5016 1539
5017 1627
5018 1130
5019 1760
5020 1627
5021 1376
5022 1187
5023 1556
5024 2106
5025 2131
5026 1620
5027 1852
5028 1579
5029 1156
5030 1985
5031 1943
5032 1295
5033 1651
5034 1487
5035 1853
5036 1729
5037 1276
5038 1639
5039 1664
5040 1811
5041 1571
5042 1323
5043 1643
5044 2980
5045 1656
5046 1898
5047 1221
5048 1899
5049 1563
5050 1364
5051 1752
5052 2095
5053 1455
5054 1770
5055 1321
5056 1656
5057 1946
5058 2156
5059 1376
5060 1430
5061 1545
5062 1979
5063 1425
5064 1761
5065 1499
5066 2038
5067 1521
5068 1495
5069 2010
5070 1305
5071 887
5072 1702
5073 1273
5074 2427
5075 2193
5076 1897
5077 1553
5078 1583
5079 2004
5080 2014
5081 1979
5082 1548
5083 1488
5084 1666
5085 1689
5086 1669
5087 2177
5088 1284
5089 1704
5090 1304
5091 1927
5092 1366
5093 1460
5094 1158
5095 1630
5096 1494
5097 1646
5098 1830
5099 1505
5100 1965
5101 2339
5102 1993
5103 1960
5104 2015
5105 2015
5106 1947
5107 1709
5108 1203
5109 1936
5110 1242
5111 1997
5112 2088
5113 1733
5114 1825
5115 1728
5116 1973
5117 1521
5118 1390
5119 1884
5120 2055
5121 1510
5122 1758
5123 1175
5124 1888
5125 1324
5126 1737
5127 1570
5128 1586
5129 1603
5130 403
5131 1877
5132 1850
5133 1620
5134 2025
5135 1557
5136 1583
5137 1384
5138 2529
5139 1801
5140 1087
5141 1224
5142 1636
5143 1576
5144 1510
5145 1736
5146 1754
5147 1897
5148 1998
5149 1299
5150 1619
5151 1334
5152 1182
5153 829
5154 1738
5155 1400
5156 1913
5157 1889
5158 1837
5159 1517
5160 1862
5161 1340
5162 886
5163 1594
5164 2323
5165 1251
5166 1947
5167 1288
5168 827
5169 850
5170 1336
5171 2193
5172 1697
5173 1469
5174 1422
5175 1667
5176 1421
5177 1618
5178 2013
5179 1423
5180 1537
5181 1552
5182 2379
5183 1750
5184 2031
5185 1662
5186 2065
5187 1577
5188 1687
5189 1209
5190 2144
5191 861
5192 1610
5193 1422
5194 1682
5195 1272
5196 2031
5197 1488
5198 1342
5199 1976
5200 1578
5201 956
5202 1679
5203 2485
5204 1536
5205 2263
5206 1160
5207 1597
5208 1224
5209 INF
5210 1394
5211 2189
5212 1560
5213 2081
5214 1214
5215 2374
5216 1173
5217 2058
5218 1695
5219 1953
5220 1930
5221 1435
5222 1728
5223 1820
5224 2067
5225 1377
5226 1382
5227 1702
5228 2461
5229 1089
5230 2206
5231 1444
5232 1720
5233 1986
5234 1485
5235 2107
5236 240
5237 1454
5238 1707
5239 1198
5240 1084
5241 1801
5242 953
5243 1373
5244 1739
5245 1593
5246 2233
5247 2367
5248 1535
5249 1594
5250 1639
5251 1416
5252 1705
5253 1636
5254 1945
5255 2307
5256 1819
5257 1000
5258 1402
5259 1740
5260 1542
5261 1482
5262 1788
5263 880
5264 1506
5265 2109
5266 1903
5267 1149
5268 929
5269 1227
5270 1835
5271 2162
5272 1751
5273 1774
5274 1519
5275 1102
5276 1863
5277 1949
5278 1636
5279 1410
5280 1345
5281 1947
5282 845
5283 2146
5284 1221
5285 1437
5286 969
5287 1106
5288 1932
5289 1469
5290 1180
5291 2329
5292 1660
5293 1799
5294 1808
5295 1605
5296 1298
5297 1470
5298 1653
5299 1814
5300 1604
5301 1228
5302 1325
5303 1499
5304 2134
5305 1342
5306 1812
5307 1765
5308 1689
5309 1869
5310 1329
5311 1833
5312 1276
5313 1528
5314 1544
5315 1639
5316 1177
5317 1787
5318 1653
5319 1769
5320 961
5321 1503
5322 1839
5323 1382
5324 1476
5325 1646
5326 1317
5327 1867
5328 1191
5329 2142
5330 1711
5331 1710
5332 1563
5333 1802
5334 1290
5335 1711
5336 753
5337 1703
5338 1534
5339 2021
5340 1957
5341 1821
5342 1839
5343 1996
5344 1977
5345 1584
5346 1725
5347 1884
5348 1546
5349 1367
5350 1511
5351 1694
5352 1601
5353 1985
5354 1618
5355 1222
5356 1187
5357 1480
5358 1467
5359 1385
5360 1527
5361 1622
5362 1995
5363 964
5364 1249
5365 1704
5366 1776
5367 1712
5368 1674
5369 2054
5370 1924
5371 1802
5372 2029
5373 1214
5374 1464
5375 1276
5376 1765
5377 1974
5378 1628
5379 1919
5380 1244
5381 1658
5382 1737
5383 1493
5384 1357
5385 1858
5386 1701
5387 2110
5388 1913
5389 1369
5390 1839
5391 1313
5392 2042
5393 1073
5394 1029
5395 1620
5396 1449
5397 1272
5398 1694
5399 1754
5400 1133
5401 1117
5402 1624
5403 1485
5404 1378
5405 1694
5406 1267
5407 1572
5408 1243
5409 1603
5410 1686
5411 1487
5412 1595
5413 1565
5414 1518
5415 1678
5416 1629
5417 1585
5418 1321
5419 1890
5420 1163
5421 1053
5422 1587
5423 1142
5424 1163
5425 2022
5426 1449
5427 1817
5428 821
5429 1194
5430 1955
5431 1519
5432 1136
5433 1111
5434 1393
5435 1627
5436 1852
5437 501
5438 1902
5439 2255
5440 1822
5441 1897
5442 1722
5443 1815
5444 1797
5445 1557
5446 1731
5447 1468
5448 1446
5449 2243
5450 2046
5451 1385
5452 1794
5453 1829
5454 979
5455 1672
5456 1240
5457 1515
5458 1869
5459 1501
5460 1850
5461 1538
5462 2442
5463 1288
5464 1609
5465 1946
5466 1881
5467 1236
5468 1995
5469 1652
5470 1940
5471 1490
5472 2179
5473 1167
5474 1304
5475 1770
5476 736
5477 1375
5478 879
5479 2243
5480 1462
5481 1833
5482 1953
5483 1796
5484 1118
5485 1039
5486 1608
5487 1439
5488 2118
5489 1584
5490 2080
5491 2098
5492 1470
5493 1708
5494 1612
5495 2474
5496 1667
5497 1332
5498 1656
5499 1623
5500 1824
5501 1915
5502 1705
5503 1789
5504 1854
5505 1780
5506 1408
5507 2043
5508 1719
5509 2470
5510 2162
5511 2076
5512 2025
5513 1884
5514 1712
5515 1218
5516 1537
5517 1796
5518 1299
5519 2013
5520 1432
5521 1557
5522 1469
5523 2034
5524 2024
5525 2230
5526 INF
5527 1797
5528 1366
5529 1248
5530 1943
5531 1207
5532 2344
5533 1686
5534 1612
5535 1714
5536 990
5537 1199
5538 2019
5539 2645
5540 1357
5541 1725
5542 1664
5543 1649
5544 1739
5545 2037
5546 1862
5547 1768
5548 1194
5549 1390
5550 2006
5551 1327
5552 866
5553 1693
5554 1336
5555 1600
5556 1845
5557 1405
5558 1405
5559 2318
5560 1465
5561 1487
5562 1458
5563 2132
5564 2020
5565 2107
5566 1628
5567 1914
5568 1574
5569 1914
5570 1085
5571 2265
5572 1618
5573 1762
5574 1742
5575 1807
5576 1948
5577 2038
5578 1836
5579 1874
5580 1405
5581 2040
5582 1640
5583 1908
5584 1748
5585 1589
5586 1343
5587 1779
5588 1816
5589 1886
5590 1148
5591 1721
5592 2075
5593 1433
5594 1948
5595 1758
5596 2127
5597 1229
5598 1689
5599 1598
5600 1763
5601 1360
5602 1867
5603 1373
5604 1510
5605 1464
5606 1769
5607 1344
5608 1797
5609 1458
5610 2105
5611 1931
5612 2294
5613 717
5614 1953
5615 1761
5616 1682
5617 1389
5618 1464
5619 1905
5620 1346
5621 1878
5622 1779
5623 2316
5624 1611
5625 1673
5626 1158
5627 1476
5628 1716
5629 1977
5630 1886
5631 2357
5632 1991
5633 1019
5634 1311
5635 1670
5636 2257
5637 1975
5638 1542
5639 1581
5640 1171
5641 1798
5642 2152
5643 1686
5644 1984
5645 1527
5646 1336
5647 2154
5648 1054
5649 1585
5650 1067
5651 1629
5652 1945
5653 1866
5654 1204
5655 1936
5656 1968
5657 2162
5658 2257
5659 1788
5660 1432
5661 1096
5662 2528
5663 1711
5664 1918
5665 1447
5666 1624
5667 1975
5668 1691
5669 1917
5670 2504
5671 1500
5672 1457
5673 1435
5674 1357
5675 1327
5676 2018
5677 1150
5678 1557
5679 1691
5680 1236
5681 1449
5682 1502
5683 1519
5684 2141
5685 1743
5686 2135
5687 1374
5688 1860
5689 1828
5690 1925
5691 1319
5692 1659
5693 1746
5694 INF
5695 1393
5696 1481
5697 1381
5698 1547
5699 1616
5700 1534
5701 1947
5702 1466
5703 1696
5704 2526
5705 1474
5706 1300
5707 990
5708 1851
5709 1565
5710 1067
5711 1572
5712 1047
5713 1907
5714 1290
5715 2010
5716 1652
5717 219
5718 944
5719 1359
5720 1779
5721 1505
5722 966
5723 1144
5724 1537
5725 1320
5726 1945
5727 1990
5728 1811
5729 2032
5730 2315
5731 1816
5732 1843
5733 1208
5734 2097
5735 1672
5736 1775
5737 1201
5738 1860
5739 1554
5740 1899
5741 1731
5742 1892
5743 1449
5744 2281
5745 1125
5746 1608
5747 2160
5748 2464
5749 1259
5750 1610
5751 1476
5752 1706
5753 2342
5754 1590
5755 1927
5756 1297
5757 1268
5758 907
5759 1541
5760 2215
5761 1289
5762 2013
5763 1969
5764 859
5765 2068
5766 1404
5767 1874
5768 1789
5769 2070
5770 1423
5771 1332
5772 2170
5773 1827
5774 2213
5775 1574
5776 1583
5777 1986
5778 1577
5779 1761
5780 1414
5781 1565
5782 1796
5783 2340
5784 1585
5785 1681
5786 1763
5787 1404
5788 1528
5789 1548
5790 1535
5791 1063
5792 1755
5793 1446
5794 1612
5795 1678
5796 1701
5797 1776
5798 1417
5799 1465
5800 1474
5801 1713
5802 1735
5803 1434
5804 2418
5805 1869
5806 1066
5807 1853
5808 1390
5809 1315
5810 1417
5811 1671
5812 1862
5813 575
5814 1620
5815 1363
5816 1569
5817 1741
5818 1943
5819 1900
5820 1719
5821 2114
5822 1809
5823 1704
5824 1631
5825 834
5826 1523
5827 1237
5828 2500
5829 1649
5830 2438
5831 1297
5832 2248
5833 1828
5834 1635
5835 1695
5836 1709
5837 1798
5838 1655
5839 1211
5840 1640
5841 1781
5842 1610
5843 1637
5844 1329
5845 2351
5846 1480
5847 1141
5848 1663
5849 1464
5850 1755
5851 1858
5852 1469
5853 2276
5854 1721
5855 1527
5856 1633
5857 2615
5858 1621
5859 1944
5860 1476
5861 785
5862 1406
5863 1361
5864 2306
5865 1525
5866 2717
5867 1707
5868 2074
5869 2062
5870 1866
5871 1368
5872 2062
5873 1264
5874 1980
5875 1770
5876 1748
5877 1369
5878 1331
5879 1949
5880 1582
5881 2021
5882 1719
5883 1370
5884 1883
5885 1829
5886 1589
5887 1516
5888 2433
5889 1670
5890 1727
5891 1695
5892 1168
5893 1966
5894 2210
5895 1172
5896 1656
5897 514
5898 1811
5899 1153
5900 1209
5901 1489
5902 819
5903 1426
5904 1218
5905 1642
5906 642
5907 1733
5908 1292
5909 1809
5910 1471
5911 2071
5912 1837
5913 1260
5914 1764
5915 1178
5916 2049
5917 1713
5918 1152
5919 1128
5920 1552
5921 2117
5922 1328
5923 1555
5924 1396
5925 1581
5926 1814
5927 2170
5928 1486
5929 1595
5930 1472
5931 1648
5932 1550
5933 1124
5934 1691
5935 1404
5936 2241
5937 1713
5938 1626
5939 1422
5940 1207
5941 1675
5942 1813
5943 1568
5944 2014
5945 1432
5946 1799
5947 1493
5948 1671
5949 1537
5950 1569
5951 1451
5952 1046
5953 1909
5954 1332
5955 1677
5956 1548
5957 1946
5958 1980
5959 1883
5960 1961
5961 1352
5962 1715
5963 1568
5964 1906
5965 1367
5966 1419
5967 1051
5968 1751
5969 1822
5970 1491
5971 1319
5972 1419
5973 1735
5974 1725
5975 1308
5976 2301
5977 1391
5978 1437
5979 1883
5980 1521
5981 1683
5982 1762
5983 1725
5984 2129
5985 1456
5986 1895
5987 1901
5988 1873
5989 2088
5990 1704
5991 1704
5992 1627
5993 1931
5994 1486
5995 1651
5996 1391
5997 1539
5998 INF
5999 1658
6000 1619
6001 1458
6002 797
6003 1988
6004 1700
6005 1773
6006 1591
6007 1800
6008 1844
6009 1724
6010 2108
6011 1083
6012 1090
6013 1415
6014 1045
6015 1817
6016 1640
6017 1712
6018 2055
6019 1075
6020 1805
6021 1555
6022 1857
6023 1093
6024 1485
6025 2373
6026 1143
6027 1831
6028 1469
6029 1432
6030 1731
6031 1846
6032 1351
6033 1668
6034 1689
6035 1649
6036 1702
6037 1282
6038 1799
6039 1484
6040 1806
6041 1449
6042 1184
6043 1463
6044 1677
6045 1693
6046 1212
6047 1316
6048 1522
6049 2181
6050 1900
6051 1093
6052 2267
6053 1867
6054 855
6055 1586
6056 1609
6057 1678
6058 2425
6059 2073
6060 1743
6061 1788
6062 2627
6063 1630
6064 1766
6065 1494
6066 1633
6067 1830
6068 1230
6069 1876
6070 1386
6071 1178
6072 1847
6073 3040
6074 2197
6075 1711
6076 1137
6077 1809
6078 1796
6079 1259
6080 1731
6081 2032
6082 999
6083 1828
6084 1508
6085 1728
6086 1647
6087 3455
6088 2000
6089 1556
6090 1805
6091 1718
6092 2124
6093 1372
6094 1449
6095 2033
6096 1240
6097 1672
6098 1807
6099 1916
6100 2386
6101 1359
6102 1370
6103 2347
6104 1309
6105 1973
6106 1195
6107 1626
6108 1822
6109 1706
6110 2174
6111 1742
6112 2219
6113 1631
6114 2012
6115 1540
6116 1640
6117 1261
6118 1357
6119 1827
6120 1915
6121 1266
6122 1401
6123 2179
6124 1238
6125 1475
6126 1646
6127 1700
6128 1516
6129 1474
6130 1736
6131 1534
6132 1529
6133 1577
6134 1379
6135 2016
6136 1676
6137 1295
6138 1714
6139 1773
6140 1761
6141 1815
6142 2025
6143 619
6144 1921
6145 2199
6146 1464
6147 2088
6148 1542
6149 1765
6150 1655
6151 1702
6152 2141
6153 1632
6154 2156
6155 1805
6156 1930
6157 2037
6158 886
6159 2010
6160 1624
6161 1584
6162 1994
6163 1755
6164 1406
6165 1489
6166 1382
6167 1515
6168 1248
6169 1234
6170 1331
6171 1580
6172 1743
6173 1719
6174 1066
6175 1554
6176 1534
6177 1627
6178 1940
6179 1564
6180 1834
6181 1424
6182 1268
6183 1701
6184 1187
6185 2096
6186 2023
6187 1594
6188 1658
6189 1448
6190 1780
6191 1791
6192 1142
6193 1754
6194 1439
6195 1927
6196 1606
6197 2428
6198 2148
6199 856
6200 1897
6201 1795
6202 1338
6203 2211
6204 1720
6205 1540
6206 496
6207 2099
6208 1373
6209 1646
6210 1826
6211 1319
6212 1722
6213 1682
6214 1383
6215 INF
6216 1719
6217 2194
6218 1783
6219 2014
6220 1705
6221 1814
6222 1686
6223 2773
6224 2251
6225 2105
6226 1832
6227 1848
6228 1834
6229 2160
6230 2056
6231 1587
6232 1525
6233 1758
6234 1559
6235 2154
6236 1702
6237 1375
6238 1680
6239 2110
6240 1610
6241 1814
6242 1161
6243 1616
6244 1717
6245 2003
6246 1255
6247 2043
6248 1484
6249 2081
6250 2071
6251 1361
6252 1264
6253 2575
6254 1125
6255 1838
6256 1637
6257 1249
6258 1458
6259 1735
6260 1825
6261 1758
6262 768
6263 1736
6264 1917
6265 2475
6266 1537
6267 1709
6268 1890
6269 1382
6270 1554
6271 1521
6272 1926
6273 1577
6274 1243
6275 1667
6276 2124
6277 692
6278 1775
6279 1853
6280 1874
6281 1892
6282 1862
6283 2174
6284 1909
6285 1300
6286 1047
6287 2025
6288 1648
6289 1590
6290 1474
6291 1345
6292 1577
6293 1629
6294 2130
6295 1538
6296 1632
6297 1722
6298 1561
6299 1484
6300 1732
6301 1408
6302 1990
6303 1418
6304 1911
6305 1506
6306 1309
6307 1593
6308 1514
6309 1452
6310 1010
6311 2040
6312 1399
6313 1447
6314 1613
6315 1070
6316 1318
6317 1532
6318 1761
6319 2321
6320 2036
6321 1702
6322 2068
6323 1528
6324 1618
6325 1015
6326 2413
6327 1517
6328 1777
6329 1662
6330 1908
6331 1939
6332 1843
6333 1813
6334 1589
6335 1607
6336 1139
6337 1634
6338 2122
6339 1059
6340 1755
6341 1486
6342 2130
6343 1751
6344 1406
6345 2300
6346 1579
6347 1527
6348 1864
6349 2229
6350 2230
6351 846
6352 1156
6353 1683
6354 2186
6355 1211
6356 1813
6357 1535
6358 1454
6359 1347
6360 1163
6361 1781
6362 1016
6363 1541
6364 1623
6365 1467
6366 1163
6367 2046
6368 2293
6369 1594
6370 1311
6371 2300
6372 2198
6373 1621
6374 1822
6375 2148
6376 2468
6377 1416
6378 1933
6379 1758
6380 1707
6381 1701
6382 1159
6383 1282
6384 1107
6385 1669
6386 1684
6387 1571
6388 2011
6389 1626
6390 1759
6391 789
6392 2012
6393 2753
6394 1349
6395 1827
6396 1728
6397 1763
6398 2284
6399 1402
6400 1399
6401 1526
6402 2369
6403 2203
6404 1600
6405 1870
6406 1484
6407 1367
6408 1473
6409 941
6410 1123
6411 1978
6412 1739
6413 1651
6414 1535
6415 1576
6416 1494
6417 2138
6418 1546
6419 751
6420 1741
6421 1448
6422 1662
6423 1976
6424 1947
6425 2038
6426 2026
6427 1772
6428 1782
6429 1536
6430 1007
6431 2460
6432 1505
6433 1902
6434 1716
6435 1545
6436 1845
6437 1533
6438 1759
6439 1533
6440 1117
6441 1684
6442 1586
6443 1667
6444 2051
6445 1752
6446 1557
6447 1930
6448 1782
6449 1862
6450 1768
6451 1267
6452 779
6453 1549
6454 1545
6455 1935
6456 2330
6457 1624
6458 1508
6459 1583
6460 1969
6461 2352
6462 1953
6463 1388
6464 1824
6465 1861
6466 1577
6467 1900
6468 1313
6469 1826
6470 1392
6471 1365
6472 1130
6473 1970
6474 1572
6475 1584
6476 761
6477 1708
6478 2036
6479 1792
6480 1268
6481 2117
6482 1092
6483 2201
6484 1622
6485 1525
6486 1519
6487 1985
6488 1652
6489 1330
6490 1547
6491 1318
6492 1606
6493 1801
6494 1724
6495 1434
6496 1021
6497 1700
6498 1260
6499 1430
6500 1861
6501 1881
6502 1903
6503 1832
6504 2118
6505 1546
6506 1552
6507 1908
6508 1690
6509 1334
6510 1516
6511 1419
6512 1707
6513 1761
6514 1518
6515 2470
6516 2242
6517 1686
6518 1566
6519 1634
6520 1060
6521 1414
6522 1287
6523 1401
6524 1829
6525 1389
6526 1427
6527 1770
6528 1291
6529 2109
6530 1283
6531 1582
6532 1355
6533 1931
6534 1390
6535 1685
6536 1517
6537 1758
6538 1850
6539 2073
6540 1899
6541 1882
6542 1464
6543 1207
6544 1686
6545 2236
6546 1389
6547 1286
6548 1258
6549 1666
6550 1452
6551 1410
6552 1585
6553 2000
6554 1646
6555 2012
6556 1634
6557 1773
6558 1204
6559 1628
6560 1703
6561 1521
6562 1310
6563 1898
6564 1109
6565 1941
6566 1224
6567 1158
6568 1659
6569 1046
6570 2464
6571 1556
6572 1469
6573 1451
6574 1907
6575 2335
6576 1333
6577 1442
6578 2088
6579 1409
6580 1412
6581 2810
6582 1126
6583 1805
6584 1935
6585 1842
6586 1020
6587 1690
6588 1340
6589 1497
6590 2208
6591 1695
6592 1799
6593 1351
6594 1927
6595 1701
6596 1694
6597 1553
6598 2186
6599 1562
6600 2104
6601 1934
6602 1814
6603 1381
6604 1693
6605 1778
6606 1956
6607 985
6608 1668
6609 1089
6610 1526
6611 1405
6612 1563
6613 1935
6614 1780
6615 2332
6616 1985
6617 1766
6618 1844
6619 1797
6620 1789
6621 2129
6622 1450
6623 1542
6624 2046
6625 1500
6626 1681
6627 2106
6628 2125
6629 1857
6630 1778
6631 1429
6632 2053
6633 1845
6634 2303
6635 1546
6636 1338
6637 1973
6638 1318
6639 1630
6640 1796
6641 2148
6642 787
6643 2096
6644 2180
6645 1154
6646 2086
6647 1691
6648 2312
6649 1903
6650 1365
6651 1361
6652 1708
6653 1136
6654 1134
6655 1380
6656 2268
6657 1897
6658 INF
6659 1864
6660 1641
6661 1485
6662 1738
6663 1700
6664 2376
6665 1855
6666 1671
6667 1022
6668 1663
6669 1118
6670 1239
6671 2479
6672 2418
6673 1543
6674 1520
6675 1629
6676 1533
6677 2152
6678 1797
6679 1107
6680 2180
6681 2329
6682 1680
6683 1978
6684 1802
6685 1405
6686 1399
6687 1519
6688 1351
6689 1398
6690 1825
6691 1524
6692 1729
6693 1083
6694 1798
6695 1611
6696 1450
6697 1816
6698 2129
6699 1533
6700 2019
6701 1422
6702 1961
6703 1322
6704 1045
6705 1432
6706 1134
6707 1568
6708 1666
6709 1817
6710 1802
6711 1611
6712 1139
6713 1374
6714 1910
6715 2284
6716 1476
6717 1809
6718 1919
6719 1763
6720 1385
6721 1441
6722 1423
6723 1776
6724 2059
6725 1482
6726 1837
6727 1333
6728 1585
6729 2286
6730 1765
6731 1201
6732 1228
6733 1603
6734 1709
6735 1669
6736 1553
6737 2387
6738 1778
6739 1611
6740 1370
6741 1464
6742 1198
6743 1883
6744 1230
6745 1636
6746 2122
6747 1623
6748 2001
6749 1307
6750 1593
6751 1777
6752 1712
6753 1968
6754 1549
6755 1459
6756 1577
6757 2170
6758 2365
6759 1294
6760 1632
6761 3499
6762 1691
6763 1672
6764 1397
6765 2316
6766 1687
6767 1808
6768 1620
6769 1746
6770 2073
6771 1964
6772 1308
6773 1548
6774 1394
6775 1947
6776 1573
6777 1712
6778 1590
6779 1879
6780 1491
6781 1430
6782 1626
6783 1807
6784 1986
6785 1473
6786 1554
6787 1979
6788 1827
6789 1612
6790 1859
6791 1523
6792 2194
6793 1282
6794 1451
6795 2013
6796 1645
6797 1925
6798 2008
6799 2066
6800 1520
6801 1508
6802 2045
6803 2022
6804 1472
6805 1503
6806 1344
6807 1558
6808 1411
6809 1331
6810 1211
6811 1647
6812 2126
6813 949
6814 1213
6815 1868
6816 1699
6817 1575
6818 1684
6819 807
6820 1197
6821 2281
6822 1561
6823 1553
6824 1872
6825 1319
6826 1787
6827 1000
6828 1304
6829 1348
6830 1892
6831 1439
6832 1773
6833 763
6834 1108
6835 1531
6836 2012
6837 2239
6838 1499
6839 1697
6840 1411
6841 1798
6842 963
6843 1644
6844 1940
6845 1812
6846 1700
6847 1861
6848 1670
6849 1761
6850 1415
6851 1668
6852 1895
6853 1205
6854 1841
6855 1505
6856 1637
6857 1871
6858 1253
6859 1707
6860 1057
6861 1964
6862 1432
6863 2016
6864 1944
6865 1712
6866 2119
6867 1833
6868 1337
6869 1643
6870 1679
6871 1643
6872 1779
6873 1488
6874 1893
6875 1492
6876 2185
6877 2283
6878 INF
6879 2308
6880 1832
6881 2471
6882 1943
6883 1783
6884 2097
6885 1336
6886 1945
6887 1227
6888 2444
6889 1979
6890 2119
6891 2199
6892 1684
6893 1543
6894 1195
6895 2001
6896 1720
6897 INF
6898 2031
6899 1183
6900 1554
6901 1496
6902 2046
6903 2585
6904 1835
6905 1656
6906 1539
6907 1750
6908 1296
6909 1475
6910 1933
6911 1526
6912 2280
6913 1612
6914 INF
6915 2474
6916 2384
6917 2140
6918 1781
6919 1632
6920 1793
6921 1723
6922 1630
6923 1799
6924 1836
6925 1638
6926 2654
6927 1768
6928 1958
6929 1709
6930 1861
6931 1520
6932 1493
6933 1919
6934 2167
6935 1921
6936 1082
6937 1532
6938 1171
6939 1837
6940 1691
6941 1840
6942 644
6943 821
6944 1278
6945 1646
6946 1482
6947 1814
6948 2018
6949 1115
6950 1468
6951 2438
6952 1363
6953 1675
6954 1835
6955 1628
6956 1083
6957 2094
6958 1622
6959 2362
6960 2032
6961 INF
6962 1692
6963 1956
6964 1430
6965 2454
6966 1065
6967 1104
6968 1366
6969 2080
6970 1433
6971 1721
6972 2171
6973 1994
6974 1389
6975 2140
6976 2029
6977 2654
6978 1513
6979 1551
6980 1256
6981 INF
6982 1442
6983 1547
6984 1383
6985 1390
6986 2413
6987 1744
6988 2122
6989 1362
6990 1893
6991 1791
6992 2231
6993 1634
6994 1592
6995 1632
6996 1688
6997 684
6998 1543
6999 1674
7000 1744
7001 1257
7002 1563
7003 1655
7004 1700
7005 1280
7006 1583
7007 1758
7008 1927
7009 1787
7010 1611
7011 2363
7012 2078
7013 2296
7014 1291
7015 2371
7016 1673
7017 1625
7018 936
7019 1727
7020 1616
7021 1765
7022 1618
7023 2272
7024 1434
7025 1493
7026 1869
7027 1894
7028 1897
7029 1754
7030 1906
7031 1929
7032 1541
7033 1041
7034 2127
7035 2091
7036 1601
7037 1850
7038 1212
7039 1856
7040 1399
7041 619
7042 1462
7043 1864
7044 1682
7045 1608
7046 1899
7047 1823
7048 2171
7049 1148
7050 668
7051 2133
7052 1412
7053 1580
7054 2148
7055 1567
7056 2309
7057 1431
7058 1757
7059 1687
7060 1187
7061 1876
7062 1501
7063 2091
7064 1633
7065 1288
7066 1566
7067 1837
7068 1365
7069 1233
7070 1519
7071 2000
7072 1531
7073 2038
7074 2012
7075 1748
7076 1156
7077 1565
7078 1963
7079 1179
7080 1555
7081 1653
7082 1717
7083 1768
7084 1593
7085 1609
7086 1473
7087 2022
7088 1601
7089 1828
7090 2111
7091 1682
7092 1648
7093 1438
7094 1636
7095 2327
7096 1798
7097 INF
7098 1414
7099 1714
7100 1463
7101 2170
7102 2111
7103 2107
7104 1569
7105 964
7106 1535
7107 1531
7108 2043
7109 2050
7110 1528
7111 1424
7112 1066
7113 1912
7114 1531
7115 2185
7116 1484
7117 1375
7118 1153
7119 1806
7120 1517
7121 1910
7122 1674
7123 1571
7124 1852
7125 1619
7126 2094
7127 1943
7128 1410
7129 1788
7130 1288
7131 1195
7132 2452
7133 1976
7134 1785
7135 1724
7136 1677
7137 1484
7138 1930
7139 1619
7140 1220
7141 1850
7142 1762
7143 1886
7144 2104
7145 1755
7146 1857
7147 1680
7148 1330
7149 1643
7150 1355
7151 1741
7152 INF
7153 1830
7154 1549
7155 1432
7156 1977
7157 1349
7158 1678
7159 2059
7160 1596
7161 2213
7162 1701
7163 1287
7164 2416
7165 1358
7166 1782
7167 1365
7168 1473
7169 1354
7170 1376
7171 1203
7172 1783
7173 2369
7174 2140
7175 2133
7176 1751
7177 1537
7178 1609
7179 1906
7180 1149
7181 1334
7182 1548
7183 1961
7184 1309
7185 1728
7186 2424
7187 1384
7188 1617
7189 1765
7190 1363
7191 1927
7192 1521
7193 1817
7194 1659
7195 2041
7196 2079
7197 1711
7198 1884
7199 1922
7200 1861
7201 494
7202 533
7203 1725
7204 1764
7205 1946
7206 1093
7207 1560
7208 1856
7209 1415
7210 1688
7211 1832
7212 2008
7213 1756
7214 1666
7215 1657
7216 1901
7217 1671
7218 1399
7219 1802
7220 1598
7221 1657
7222 1938
7223 1272
7224 1459
7225 1312
7226 1606
7227 1436
7228 1726
7229 1445
7230 1486
7231 1589
7232 2490
7233 1466
7234 1303
7235 1641
7236 2461
7237 1424
7238 1369
7239 2497
7240 2064
7241 1792
7242 1566
7243 1543
7244 2081
7245 2114
7246 1282
7247 1758
7248 1503
7249 1478
7250 1429
7251 742
7252 2002
7253 2281
7254 951
7255 1469
7256 1744
7257 1498
7258 1610
7259 1458
7260 1651
7261 1812
7262 1681
7263 1382
7264 2056
7265 2203
7266 1713
7267 794
7268 1387
7269 1937
7270 1398
7271 1542
7272 1327
7273 1405
7274 1625
7275 1247
7276 2160
7277 1379
7278 1830
7279 1362
7280 1603
7281 1910
7282 1604
7283 1445
7284 2292
7285 2391
7286 1415
7287 1797
7288 1694
7289 1216
7290 1715
7291 2242
7292 1579
7293 1958
7294 1403
7295 2199
7296 1742
7297 1844
7298 2157
7299 1633
7300 2383
7301 1511
7302 1849
7303 1894
7304 1648
7305 1458
7306 1527
7307 1458
7308 1937
7309 2031
7310 1509
7311 1701
7312 2113
7313 1791
7314 1033
7315 1815
7316 1733
7317 1370
7318 1200
7319 1537
7320 1901
7321 1974
7322 1315
7323 INF
7324 1887
7325 2183
7326 1788
7327 1999
7328 1862
7329 INF
7330 1815
7331 2368
7332 1622
7333 1903
7334 1696
7335 1904
7336 1816
7337 1217
7338 1538
7339 1946
7340 1353
7341 1096
7342 1419
7343 1400
7344 1951
7345 1992
7346 1750
7347 1593
7348 1566
7349 1517
7350 1348
7351 1789
7352 1708
7353 1631
7354 1800
7355 766
7356 2119
7357 1860
7358 2040
7359 1179
7360 644
7361 1534
7362 1400
7363 1639
7364 1833
7365 1789
7366 1826
7367 1844
7368 608
7369 1942
7370 1834
7371 1707
7372 1523
7373 1298
7374 INF
7375 2250
7376 1662
7377 2115
7378 1573
7379 1757
7380 1721
7381 1537
7382 1691
7383 1773
7384 1866
7385 1700
7386 1648
7387 1974
7388 1055
7389 1813
7390 2032
7391 1539
7392 1800
7393 1672
7394 1876
7395 1903
7396 1367
7397 1586
7398 1541
7399 1767
7400 1674
7401 1683
7402 1139
7403 2583
7404 2240
7405 1616
7406 1847
7407 1511
7408 1535
7409 1637
7410 1811
7411 1510
7412 1116
7413 1809
7414 1388
7415 1740
7416 1337
7417 1872
7418 1817
7419 1961
7420 1625
7421 1579
7422 1496
7423 1830
7424 1089
7425 139
7426 1839
7427 1778
7428 2061
7429 1703
7430 1996
7431 2138
7432 1025
7433 1536
7434 1100
7435 2088
7436 1278
7437 1562
7438 1418
7439 950
7440 2339
7441 1387
7442 1827
7443 2044
7444 1196
7445 1086
7446 1560
7447 874
7448 1395
7449 902
7450 1703
7451 1555
7452 1721
7453 1995
7454 1758
7455 1394
7456 2105
7457 2010
7458 1371
7459 1139
7460 1703
7461 1703
7462 1163
7463 1801
7464 1246
7465 1484
7466 1794
7467 1664
7468 1491
7469 1708
7470 2268
7471 2988
7472 1082
7473 2168
7474 2100
7475 2579
7476 1093
7477 1445
7478 1865
7479 1202
7480 1810
7481 1599
7482 1399
7483 1356
7484 1438
7485 1603
7486 1608
7487 1149
7488 1620
7489 1274
7490 2562
7491 1716
7492 1300
7493 1580
7494 1886
7495 742
7496 1733
7497 1865
7498 1281
7499 1727
7500 1899
7501 1648
7502 1691
7503 1783
7504 1512
7505 1948
7506 2099
7507 1610
7508 1442
7509 1303
7510 1454
7511 1087
7512 1543
7513 1382
7514 1732
7515 2001
7516 1540
7517 1472
7518 1955
7519 INF
7520 489
7521 1645
7522 1785
7523 1671
7524 1820
7525 801
7526 1351
7527 1897
7528 1998
7529 1284
7530 1822
7531 1592
7532 1409
7533 1185
7534 1503
7535 1828
7536 1276
7537 1530
7538 1636
7539 1890
7540 1371
7541 1465
7542 2815
7543 1466
7544 2588
7545 1571
7546 1545
7547 1808
7548 1825
7549 1619
7550 1266
7551 1367
7552 1294
7553 1884
7554 1852
7555 1519
7556 1665
7557 1598
7558 1719
7559 1333
7560 1884
7561 1912
7562 1294
7563 1192
7564 1531
7565 1298
7566 1041
7567 1246
7568 1821
7569 1812
7570 1486
7571 1477
7572 1751
7573 1763
7574 1490
7575 1781
7576 1623
7577 2123
7578 1297
7579 830
7580 2517
7581 1357
7582 1799
7583 1555
7584 1817
7585 2288
7586 1447
7587 725
7588 1760
7589 1374
7590 1530
7591 1342
7592 1589
7593 1352
7594 1634
7595 1702
7596 1701
7597 2390
7598 1856
7599 1215
7600 1051
7601 1976
7602 2037
7603 1760
7604 2195
7605 1380
7606 1434
7607 1649
7608 1116
7609 1380
7610 1475
7611 1948
7612 1924
7613 1719
7614 968
7615 1696
7616 1475
7617 1915
7618 1979
7619 1964
7620 1690
7621 1630
7622 1632
7623 1668
7624 1501
7625 1952
7626 1346
7627 1674
7628 1457
7629 1387
7630 1623
7631 1624
7632 1003
7633 1341
7634 1705
7635 1352
7636 1948
7637 1975
7638 1929
7639 1911
7640 1627
7641 1976
7642 2021
7643 1689
7644 1662
7645 1473
7646 1610
7647 1166
7648 1982
7649 1394
7650 1772
7651 1971
7652 1162
7653 1760
7654 1688
7655 1314
7656 1545
7657 1176
7658 1408
7659 854
7660 1830
7661 2925
7662 1420
7663 1233
7664 1545
7665 1416
7666 1768
7667 1942
7668 2037
7669 2006
7670 1492
7671 1358
7672 1825
7673 2792
7674 1767
7675 1953
7676 2179
7677 2239
7678 1492
7679 1951
7680 1576
7681 1645
7682 1166
7683 1534
7684 1419
7685 1967
7686 1810
7687 884
7688 2185
7689 1602
7690 2017
7691 2086
7692 1729
7693 1346
7694 1587
7695 1835
7696 1355
7697 INF
7698 2126
7699 2128
7700 1664
7701 1624
7702 2439
7703 1598
7704 960
7705 1339
7706 2036
7707 1598
7708 1857
7709 1877
7710 2331
7711 635
7712 1835
7713 1720
7714 1358
7715 1619
7716 1339
7717 1626
7718 2054
7719 1795
7720 1894
7721 1820
7722 2066
7723 1372
7724 1315
7725 1463
7726 1625
7727 1329
7728 1607
7729 1873
7730 1590
7731 1739
7732 1961
7733 1590
7734 1338
7735 1221
7736 1603
7737 1544
7738 1657
7739 1503
7740 1390
7741 1995
7742 1870
7743 1873
7744 1997
7745 1267
7746 1049
7747 1555
7748 1305
7749 1946
7750 1785
7751 497
7752 1678
7753 1810
7754 1767
7755 1092
7756 2642
7757 1330
7758 1647
7759 2154
7760 2226
7761 2082
7762 2460
7763 1470
7764 1514
7765 2062
7766 1796
7767 948
7768 1522
7769 1883
7770 1412
7771 1984
7772 1673
7773 1681
7774 1083
7775 1768
7776 1461
7777 1179
7778 1342
7779 1603
7780 1782
7781 1542
7782 1603
7783 1868
7784 1243
7785 1335
7786 2029
7787 1107
7788 1570
7789 1799
7790 INF
7791 2498
7792 1307
7793 1778
7794 1542
7795 1910
7796 928
7797 INF
7798 1781
7799 1083
7800 1323
7801 1515
7802 1371
7803 1940
7804 1870
7805 1720
7806 1703
7807 1841
7808 1523
7809 1917
7810 1178
7811 1373
7812 1480
7813 1720
7814 2219
7815 1819
7816 2277
7817 1461
7818 1648
7819 1798
7820 INF
7821 955
7822 1796
7823 2112
7824 1599
7825 1012
7826 1766
7827 984
7828 1524
7829 2032
7830 1853
7831 2520
7832 1499
7833 2065
7834 2123
7835 2353
7836 2017
7837 1420
7838 1579
7839 1867
7840 1360
7841 1670
7842 1642
7843 1425
7844 1176
7845 1665
7846 1483
7847 1023
7848 2078
7849 1651
7850 2102
7851 1507
7852 1192
7853 1739
7854 1870
7855 2115
7856 1366
7857 1357
7858 1504
7859 1824
7860 1650
7861 1465
7862 1407
7863 1309
7864 1616
7865 1444
7866 1801
7867 1737
7868 2106
7869 1150
7870 1988
7871 1947
7872 1466
7873 1506
7874 1396
7875 1807
7876 1969
7877 1965
7878 1690
7879 1672
7880 1794
7881 2080
7882 1609
7883 1436
7884 1698
7885 1593
7886 1590
7887 1800
7888 1934
7889 1639
7890 1648
7891 2224
7892 1561
7893 2007
7894 1467
7895 1242
7896 1676
7897 1600
7898 1768
7899 2277
7900 1670
7901 1971
7902 1647
7903 1588
7904 1332
7905 2296
7906 1230
7907 1597
7908 1631
7909 1739
7910 2353
7911 1192
7912 1693
7913 979
7914 1547
7915 1184
7916 1945
7917 1547
7918 1256
7919 1358
7920 1936
7921 1898
7922 1820
7923 1396
7924 1395
7925 1499
7926 1572
7927 1362
7928 1382
7929 1409
7930 1411
7931 1656
7932 2105
7933 1639
7934 2145
7935 1996
7936 805
7937 1298
7938 1577
7939 1554
7940 1556
7941 1891
7942 919
7943 2243
7944 977
7945 2096
7946 1596
7947 1151
7948 867
7949 1320
7950 1310
7951 1412
7952 1808
7953 1438
7954 1464
7955 1739
7956 1483
7957 1767
7958 1747
7959 1383
7960 1306
7961 1704
7962 1523
7963 2397
7964 1543
7965 1451
7966 1868
7967 1786
7968 1424
7969 1495
7970 1877
7971 2198
7972 1562
7973 2334
7974 1743
7975 1698
7976 1770
7977 1719
7978 2664
7979 1890
7980 1012
7981 1212
7982 1596
7983 1982
7984 1671
7985 1424
7986 1453
7987 1608
7988 1335
7989 1481
7990 1681
7991 1465
7992 1700
7993 1383
7994 1778
7995 2059
7996 1577
7997 1192
7998 1604
7999 1246
8000 1555
8001 1144
8002 2125
8003 1736
8004 1271
8005 1046
8006 1465
8007 1693
8008 1405
8009 1506
8010 1786
8011 1598
8012 1452
8013 1595
8014 1761
8015 1252
8016 1742
8017 775
8018 1513
8019 1469
8020 1660
8021 1570
8022 1758
8023 1740
8024 1170
8025 2001
8026 1738
8027 1844
8028 1465
8029 1183
8030 1126
8031 2052
8032 1541
8033 1694
8034 2285
8035 1423
8036 2160
8037 1080
8038 1757
8039 2059
8040 2276
8041 1445
8042 1891
8043 1770
8044 2030
8045 2044
8046 1485
8047 2070
8048 1649
8049 1957
8050 1602
8051 1840
8052 1166
8053 1828
8054 1728
8055 1855
8056 1763
8057 1149
8058 1628
8059 1819
8060 2043
8061 1293
8062 1554
8063 1974
8064 2007
8065 1502
8066 1928
8067 1831
8068 1693
8069 1867
8070 1843
8071 1316
8072 1460
8073 1375
8074 1667
8075 1729
8076 1778
8077 1650
8078 1463
8079 2500
8080 2137
8081 1792
8082 1535
8083 1321
8084 1501
8085 1780
8086 1682
8087 1959
8088 1065
8089 1531
8090 1490
8091 1459
8092 1568
8093 1546
8094 1812
8095 1749
8096 1463
8097 1618
8098 1658
8099 2075
8100 1511
8101 2010
8102 2246
8103 1375
8104 1514
8105 1266
8106 2068
8107 1354
8108 1040
8109 1661
8110 1667
8111 1842
8112 1831
8113 1782
8114 2577
8115 1911
8116 1955
8117 1567
8118 1601
8119 1733
8120 2073
8121 1815
8122 1548
8123 1719
8124 1715
8125 1832
8126 1299
8127 1036
8128 2090
8129 976
8130 1426
8131 1944
8132 1572
8133 1697
8134 899
8135 2050
8136 1519
8137 1132
8138 1380
8139 2081
8140 1768
8141 1617
8142 1417
8143 1912
8144 1808
8145 1426
8146 1880
8147 2129
8148 1235
8149 1901
8150 1536
8151 1703
8152 1476
8153 1385
8154 1818
8155 1822
8156 681
8157 2251
8158 1651
8159 1382
8160 1656
8161 1372
8162 938
8163 1724
8164 2191
8165 1779
8166 2418
8167 1371
8168 1774
8169 2072
8170 2279
8171 890
8172 1452
8173 1931
8174 1337
8175 1845
8176 1245
8177 1080
8178 1835
8179 1380
8180 1488
8181 1903
8182 2014
8183 1272
8184 1247
8185 1294
8186 1371
8187 1749
8188 1835
8189 1636
8190 1442
8191 2368
8192 2334
8193 2224
8194 1804
8195 1050
8196 1810
8197 1427
8198 1835
8199 1744
8200 1396
8201 1977
8202 1828
8203 1640
8204 1867
8205 1866
8206 1630
8207 1972
8208 1983
8209 1667
8210 1453
8211 1895
8212 931
8213 1740
8214 1223
8215 2316
8216 1753
8217 2229
8218 1898
8219 964
8220 1349
8221 1436
8222 1842
8223 1519
8224 1532
8225 1783
8226 1558
8227 2165
8228 1973
8229 1368
8230 1377
8231 1653
8232 1669
8233 1754
8234 1601
8235 1345
8236 2084
8237 1918
8238 2581
8239 1464
8240 1249
8241 1502
8242 2109
8243 2080
8244 1657
8245 2138
8246 1504
8247 1886
8248 1656
8249 1669
8250 2053
8251 1994
8252 1458
8253 1264
8254 1845
8255 1974
8256 1495
8257 1754
8258 1857
8259 1871
8260 1522
8261 1613
8262 2170
8263 1790
8264 1522
8265 1887
8266 866
8267 1683
8268 2232
8269 1917
8270 1338
8271 1821
8272 1256
8273 1705
8274 1631
8275 1117
8276 1666
8277 1319
8278 804
8279 1746
8280 1998
8281 1817
8282 1829
8283 1157
8284 2063
8285 1971
8286 2057
8287 1985
8288 INF
8289 1527
8290 1520
8291 1172
8292 1891
8293 2083
8294 1040
8295 2602
8296 1323
8297 1270
8298 1721
8299 1623
8300 1538
8301 1433
8302 2064
8303 1674
8304 1420
8305 1525
8306 1681
8307 1896
8308 1574
8309 1460
8310 1927
8311 1564
8312 1789
8313 1499
8314 2023
8315 1912
8316 1561
8317 1184
8318 1504
8319 1627
8320 1747
8321 1960
8322 1995
8323 1997
8324 1569
8325 1156
8326 1709
8327 978
8328 1617
8329 INF
8330 1036
8331 725
8332 1851
8333 1008
8334 1404
8335 1770
8336 1326
8337 1354
8338 1180
8339 1883
8340 1883
8341 1493
8342 1628
8343 1837
8344 1396
8345 1715
8346 1858
8347 2015
8348 1993
8349 1801
8350 1750
8351 2466
8352 2125
8353 1616
8354 1400
8355 1778
8356 825
8357 1577
8358 2124
8359 1463
8360 1853
8361 1846
8362 1442
8363 1334
8364 1568
8365 1536
8366 1142
8367 1583
8368 1810
8369 1925
8370 1532
8371 1507
8372 2312
8373 1703
8374 1366
8375 907
8376 1286
8377 1977
8378 1653
8379 1915
8380 1169
8381 1406
8382 1453
8383 1554
8384 1416
8385 1571
8386 1550
8387 INF
8388 1565
8389 1822
8390 1257
8391 1562
8392 1595
8393 1595
8394 2597
8395 1897
8396 1871
8397 1696
8398 1411
8399 2213
8400 1379
8401 1789
8402 1866
8403 1964
8404 1538
8405 2027
8406 1456
8407 1370
8408 2095
8409 1681
8410 2214
8411 1495
8412 1735
8413 1642
8414 1772
8415 1377
8416 1453
8417 1614
8418 1879
8419 1482
8420 2127
8421 1281
8422 1836
8423 2012
8424 1455
8425 1567
8426 1604
8427 1891
8428 1601
8429 2780
8430 2111
8431 1739
8432 1720
8433 1435
8434 1114
8435 1106
8436 1417
8437 1780
8438 1328
8439 1443
8440 1921
8441 1538
8442 1485
8443 1831
8444 1703
8445 1805
8446 1691
8447 1933
8448 1980
8449 1451
8450 1611
8451 1669
8452 1112
8453 1308
8454 1346
8455 1224
8456 2378
8457 1731
8458 1629
8459 1494
8460 1934
8461 1354
8462 1658
8463 1815
8464 1501
8465 1637
8466 1656
8467 2179
8468 1023
8469 1199
8470 1463
8471 1319
8472 1690
8473 1577
8474 1500
8475 1705
8476 1539
8477 1475
8478 2154
8479 1680
8480 1718
8481 1492
8482 1646
8483 2274
8484 1491
8485 1424
8486 1443
8487 1773
8488 1350
8489 1483
8490 1799
8491 1738
8492 1497
8493 1980
8494 2048
8495 1948
8496 1433
8497 1910
8498 1701
8499 2040
8500 1146
8501 1879
8502 1798
8503 1856
8504 1706
8505 1821
8506 1656
8507 1436
8508 2157
8509 1747
8510 1541
8511 1263
8512 1200
8513 2219
8514 1565
8515 2044
8516 1628
8517 1966
8518 2810
8519 1521
8520 1616
8521 1535
8522 1348
8523 1186
8524 1329
8525 1992
8526 1368
8527 1474
8528 1669
8529 1292
8530 1799
8531 1446
8532 1482
8533 1517
8534 2062
8535 1883
8536 1724
8537 2177
8538 1097
8539 1392
8540 1329
8541 1814
8542 2125
8543 1573
8544 1296
8545 1888
8546 1070
8547 1497
8548 1761
8549 1131
8550 1841
8551 1633
8552 1470
8553 1718
8554 1778
8555 1407
8556 1494
8557 1652
8558 1340
8559 1573
8560 2048
8561 1871
8562 1624
8563 2210
8564 1822
8565 1668
8566 1695
8567 1566
8568 1603
8569 1696
8570 2169
8571 1691
8572 1535
8573 1992
8574 1649
8575 1303
8576 1349
8577 1892
8578 1959
8579 1649
8580 1947
8581 2239
8582 2609
8583 1788
8584 1638
8585 1589
8586 1487
8587 1468
8588 1843
8589 1715
8590 1608
8591 1002
8592 2345
8593 1328
8594 1829
8595 1663
8596 1205
8597 1833
8598 1365
8599 1748
8600 946
8601 1578
8602 2191
8603 2111
8604 1869
8605 1283
8606 1090
8607 1699
8608 1875
8609 1114
8610 1408
8611 1566
8612 634
8613 2611
8614 1882
8615 1916
8616 1258
8617 1626
8618 1540
8619 1184
8620 1836
8621 1677
8622 1685
8623 1167
8624 1200
8625 2080
8626 902
8627 1638
8628 1443
8629 1792
8630 1688
8631 1895
8632 1574
8633 INF
8634 1525
8635 1012
8636 1992
8637 1503
8638 1259
8639 1447
8640 869
8641 1801
8642 2069
8643 1535
8644 2394
8645 1220
8646 2170
8647 1238
8648 1610
8649 1932
8650 1688
8651 1808
8652 1463
8653 1707
8654 1340
8655 1251
8656 1389
8657 1720
8658 1296
8659 1813
8660 1117
8661 2194
8662 1719
8663 1624
8664 2200
8665 1527
8666 1433
8667 1630
8668 1025
8669 1128
8670 2120
8671 1829
8672 1661
8673 1770
8674 1870
8675 1699
8676 1731
8677 1954
8678 1791
8679 1745
8680 2265
8681 1253
8682 2084
8683 1082
8684 1539
8685 1507
8686 1499
8687 1370
8688 2489
8689 1478
8690 1321
8691 1213
8692 1596
8693 1214
8694 1627
8695 1561
8696 1280
8697 1523
8698 2229
8699 1641
8700 2342
8701 1675
8702 1608
8703 1073
8704 1098
8705 1401
8706 1641
8707 1855
8708 1701
8709 1957
8710 2008
8711 2046
8712 1266
8713 1553
8714 2570
8715 921
8716 1638
8717 1507
8718 986
8719 1878
8720 2220
8721 1799
8722 1233
8723 1058
8724 1833
8725 1504
8726 1382
8727 INF
8728 1807
8729 2440
8730 2348
8731 1332
8732 1779
8733 1359
8734 1380
8735 698
8736 2266
8737 1983
8738 2024
8739 1931
8740 777
8741 1578
8742 2045
8743 2343
8744 1188
8745 1639
8746 1327
8747 1687
8748 1419
8749 1433
8750 1810
8751 1782
8752 1769
8753 1686
8754 1816
8755 1781
8756 1164
8757 2043
8758 1644
8759 1870
8760 1371
8761 1266
8762 1762
8763 1184
8764 1013
8765 1338
8766 2494
8767 1673
8768 1837
8769 1806
8770 1992
8771 1724
8772 1529
8773 1783
8774 1747
8775 1779
8776 1469
8777 1506
8778 1860
8779 1197
8780 1759
8781 1778
8782 1281
8783 2052
8784 1693
8785 1754
8786 2356
8787 1634
8788 1669
8789 1187
8790 1503
8791 1493
8792 INF
8793 1773
8794 1886
8795 2233
8796 1264
8797 1520
8798 1976
8799 2450
8800 2564
8801 1595
8802 1661
8803 1798
8804 2040
8805 1950
8806 1822
8807 1578
8808 1808
8809 1370
8810 1616
8811 1786
8812 1417
8813 1838
8814 1641
8815 1545
8816 1939
8817 1788
8818 1728
8819 1354
8820 1729
8821 1968
8822 1426
8823 2089
8824 1675
8825 1431
8826 1661
8827 1839
8828 1207
8829 1739
8830 1892
8831 1684
8832 1427
8833 1676
8834 1907
8835 1661
8836 1310
8837 624
8838 1972
8839 1959
8840 1632
8841 1506
8842 2013
8843 2061
8844 1570
8845 1795
8846 1796
8847 1039
8848 2112
8849 2333
8850 1897
8851 2097
8852 1719
8853 1510
8854 1571
8855 2193
8856 1594
8857 1986
8858 1773
8859 1758
8860 2408
8861 1966
8862 2498
8863 1930
8864 1417
8865 2439
8866 1994
8867 1321
8868 322
8869 1540
8870 1699
8871 1345
8872 1748
8873 1920
8874 1470
8875 1323
8876 2233
8877 1429
8878 1443
8879 1375
8880 1417
8881 1179
8882 INF
8883 1281
8884 1819
8885 1465
8886 1496
8887 1097
8888 2224
8889 1377
8890 1786
8891 1541
8892 1286
8893 1813
8894 1654
8895 2452
8896 2213
8897 1742
8898 1397
8899 1769
8900 1726
8901 1707
8902 1711
8903 2779
8904 1278
8905 1336
8906 2654
8907 1467
8908 1396
8909 1674
8910 1322
8911 1522
8912 1690
8913 1775
8914 1420
8915 1978
8916 1927
8917 1269
8918 1838
8919 950
8920 1869
8921 1928
8922 972
8923 1829
8924 1789
8925 1949
8926 2082
8927 1630
8928 1719
8929 1640
8930 946
8931 1746
8932 1277
8933 1518
8934 2120
8935 1253
8936 1458
8937 1524
8938 1717
8939 1904
8940 1359
8941 1834
8942 1833
8943 1947
8944 2255
8945 1749
8946 1596
8947 1679
8948 1194
8949 970
8950 1838
8951 1758
8952 2535
8953 981
8954 563
8955 2011
8956 1210
8957 1541
8958 1791
8959 1482
8960 1538
8961 1896
8962 1225
8963 2298
8964 1878
8965 2164
8966 1863
8967 1343
8968 1270
8969 1302
8970 1395
8971 1495
8972 1755
8973 1773
8974 1385
8975 1160
8976 1302
8977 1982
8978 1361
8979 1575
8980 1748
8981 1620
8982 1519
8983 1761
8984 2168
8985 1211
8986 2065
8987 1844
8988 1614
8989 1765
8990 1905
8991 1592
8992 1677
8993 1766
8994 922
8995 1701
8996 1736
8997 1265
8998 2201
8999 2702
9000 2855
9001 1796
9002 1867
9003 1421
9004 2128
9005 1609
9006 1675
9007 1447
9008 1674
9009 1212
9010 1665
9011 1705
9012 389
9013 963
9014 1866
9015 1367
9016 589
9017 1674
9018 2092
9019 2079
9020 2185
9021 1335
9022 2079
9023 1670
9024 1800
9025 1698
9026 1712
9027 1816
9028 1567
9029 1520
9030 1817
9031 1608
9032 1651
9033 1799
9034 2035
9035 2033
9036 1725
9037 2430
9038 2070
9039 1735
9040 2210
9041 920
9042 1512
9043 2037
9044 2469
9045 1582
9046 1433
9047 1644
9048 1488
9049 1580
9050 1442
9051 2016
9052 1404
9053 1071
9054 1627
9055 1481
9056 1503
9057 1933
9058 1936
9059 1351
9060 1516
9061 2264
9062 1377
9063 1516
9064 1262
9065 1874
9066 1725
9067 997
9068 1947
9069 1967
9070 2015
9071 1417
9072 1316
9073 2251
9074 1659
9075 1366
9076 1645
9077 1280
9078 1424
9079 1992
9080 1558
9081 2112
9082 2013
9083 1513
9084 1337
9085 1215
9086 1783
9087 2297
9088 1821
9089 2137
9090 1680
9091 2075
9092 1675
9093 1475
9094 1809
9095 1472
9096 2181
9097 1591
9098 1450
9099 1987
9100 2112
9101 1563
9102 1720
9103 1453
9104 1870
9105 1567
9106 1383
9107 2144
9108 1738
9109 2298
9110 2079
9111 1983
9112 1684
9113 1735
9114 1576
9115 1874
9116 1940
9117 1898
9118 1815
9119 1547
9120 1798
9121 1789
9122 1640
9123 1738
9124 1466
9125 2687
9126 1882
9127 2003
9128 1976
9129 1334
9130 1830
9131 2235
9132 2124
9133 1184
9134 989
9135 2227
9136 1297
9137 1656
9138 1829
9139 2063
9140 1768
9141 1979
9142 1214
9143 1516
9144 1885
9145 1577
9146 1889
9147 379
9148 1292
9149 1164
9150 1272
9151 1046
9152 1589
9153 1207
9154 1779
9155 1486
9156 1593
9157 2113
9158 751
9159 1007
9160 2157
9161 1884
9162 1303
9163 1374
9164 1590
9165 1523
9166 1243
9167 1943
9168 1964
9169 1738
9170 1623
9171 1762
9172 1374
9173 1837
9174 1806
9175 1712
9176 1854
9177 1672
9178 1883
9179 1602
9180 1405
9181 1237
9182 1907
9183 2418
9184 1865
9185 1695
9186 1587
9187 1643
9188 1939
9189 1818
9190 2067
9191 1600
9192 2034
9193 1726
9194 1821
9195 1175
9196 1478
9197 1695
9198 1776
9199 1719
9200 1663
9201 1952
9202 1526
9203 1353
9204 1469
9205 1410
9206 1597
9207 2099
9208 1265
9209 1574
9210 1687
9211 1621
9212 1661
9213 1163
9214 1557
9215 1688
9216 1795
9217 1601
9218 1541
9219 1187
9220 1631
9221 1426
9222 1624
9223 1521
9224 1947
9225 1491
9226 1007
9227 2137
9228 1403
9229 1584
9230 1821
9231 1195
9232 997
9233 1805
9234 1583
9235 1862
9236 1647
9237 1462
9238 1847
9239 1981
9240 1265
9241 2015
9242 1531
9243 1736
9244 1369
9245 1185
9246 1694
9247 1680
9248 1782
9249 1529
9250 1551
9251 1549
9252 1554
9253 1403
9254 2228
9255 1191
9256 1859
9257 1728
9258 1252
9259 1939
9260 1953
9261 1737
9262 1707
9263 1299
9264 1753
9265 1724
9266 2049
9267 1744
9268 1547
9269 629
9270 1430
9271 2152
9272 1801
9273 1211
9274 1920
9275 1724
9276 2303
9277 1704
9278 1954
9279 1625
9280 1797
9281 1621
9282 2111
9283 2457
9284 569
9285 1626
9286 1751
9287 1646
9288 1454
9289 1230
9290 1890
9291 2155
9292 1529
9293 1635
9294 1564
9295 1697
9296 2594
9297 1781
9298 1737
9299 1310
9300 1091
9301 1936
9302 1613
9303 2364
9304 1877
9305 INF
9306 1836
9307 1411
9308 1850
9309 1506
9310 1887
9311 1411
9312 1830
9313 1809
9314 1756
9315 991
9316 1908
9317 1552
9318 1926
9319 INF
9320 1103
9321 1515
9322 1592
9323 2039
9324 1796
9325 2059
9326 1367
9327 1412
9328 1832
9329 1651
9330 1964
9331 1628
9332 1745
9333 1855
9334 1246
9335 2114
9336 569
9337 2370
9338 1578
9339 1456
9340 2163
9341 1514
9342 1432
9343 1892
9344 1506
9345 1071
9346 1526
9347 1543
9348 1945
9349 1161
9350 1812
9351 1928
9352 1324
9353 1196
9354 1750
9355 803
9356 1690
9357 1569
9358 1813
9359 1867
9360 2135
9361 1882
9362 1454
9363 2227
9364 2481
9365 1633
9366 2161
9367 2092
9368 1390
9369 1303
9370 1543
9371 851
9372 1231
9373 2140
9374 1709
9375 1163
9376 1636
9377 1179
9378 2284
9379 1558
9380 1484
9381 1295
9382 2094
9383 1452
9384 1715
9385 2007
9386 868
9387 1844
9388 1699
9389 1645
9390 1233
9391 1372
9392 1839
9393 1976
9394 1601
9395 1381
9396 2056
9397 1675
9398 1466
9399 1575
9400 1424
9401 1704
9402 2091
9403 1344
9404 1592
9405 1636
9406 1412
9407 1963
9408 1523
9409 1491
9410 1515
9411 1657
9412 1596
9413 1053
9414 1363
9415 1681
9416 1490
9417 2190
9418 1640
9419 1453
9420 1892
9421 1329
9422 1283
9423 1935
9424 1757
9425 1405
9426 1816
9427 1553
9428 1622
9429 1256
9430 1397
9431 1780
9432 1485
9433 1395
9434 1990
9435 1662
9436 1903
9437 1036
9438 2066
9439 2011
9440 1589
9441 1544
9442 1589
9443 1744
9444 1592
9445 1706
9446 1250
9447 2027
9448 1593
9449 1947
9450 1368
9451 1697
9452 1688
9453 1982
9454 2302
9455 1164
9456 1621
9457 2382
9458 1463
9459 1103
9460 1786
9461 1601
9462 2344
9463 1733
9464 1483
9465 1557
9466 INF
9467 2138
9468 2173
9469 1679
9470 1320
9471 1743
9472 1327
9473 1796
9474 1753
9475 1619
9476 1370
9477 1160
9478 1770
9479 1750
9480 1647
9481 1884
9482 905
9483 1321
9484 1626
9485 1219
9486 1564
9487 1653
9488 1208
9489 2004
9490 1752
9491 1772
9492 1209
9493 1291
9494 1429
9495 1587
9496 1863
9497 1913
9498 1886
9499 1626
9500 1632
9501 2029
9502 1484
9503 2174
9504 1606
9505 2167
9506 1504
9507 1586
9508 1493
9509 1323
9510 1093
9511 1661
9512 1425
9513 1956
9514 1913
9515 1912
9516 1468
9517 1494
9518 1668
9519 1402
9520 1797
9521 1411
9522 2715
9523 1570
9524 1568
9525 976
9526 1512
9527 1554
9528 1172
9529 1854
9530 1703
9531 2439
9532 1851
9533 1590
9534 1650
9535 924
9536 1294
9537 1591
9538 1895
9539 1671
9540 2143
9541 1788
9542 1220
9543 1123
9544 1794
9545 1735
9546 1924
9547 1871
9548 1672
9549 2258
9550 1694
9551 2251
9552 1544
9553 1236
9554 1463
9555 1831
9556 1715
9557 1765
9558 1610
9559 1433
9560 1567
9561 1657
9562 1754
9563 1885
9564 1683
9565 1357
9566 2204
9567 1236
9568 2176
9569 1944
9570 1815
9571 1707
9572 1846
9573 1446
9574 1485
9575 1740
9576 1094
9577 1762
9578 2025
9579 1929
9580 1941
9581 1911
9582 1861
9583 1497
9584 1560
9585 1633
9586 1790
9587 1603
9588 1640
9589 1161
9590 2028
9591 1899
9592 1276
9593 2208
9594 1749
9595 1421
9596 1242
9597 1409
9598 1148
9599 2140
9600 2085
9601 1816
9602 1658
9603 1763
9604 1400
9605 1543
9606 1061
9607 1675
9608 1788
9609 1715
9610 857
9611 1660
9612 1709
9613 1443
9614 1711
9615 1594
9616 1897
9617 1599
9618 1597
9619 1064
9620 1893
9621 1642
9622 1896
9623 1858
9624 1917
9625 2575
9626 1604
9627 1556
9628 2087
9629 1351
9630 2801
9631 1571
9632 1653
9633 1243
9634 1300
9635 1402
9636 INF
9637 1190
9638 1983
9639 1314
9640 1578
9641 1072
9642 1831
9643 1509
9644 1628
9645 1981
9646 761
9647 2372
9648 1418
9649 1139
9650 1936
9651 1881
9652 2169
9653 1702
9654 1812
9655 2074
9656 1544
9657 1421
9658 1947
9659 INF
9660 1421
9661 1770
9662 1341
9663 1621
9664 1732
9665 1732
9666 1360
9667 2203
9668 1724
9669 1536
9670 1465
9671 1506
9672 1310
9673 1915
9674 1127
9675 763
9676 1022
9677 1570
9678 1722
9679 1804
9680 763
9681 1665
9682 1967
9683 743
9684 2036
9685 2032
9686 1810
9687 2050
9688 1726
9689 1086
9690 1828
9691 1550
9692 1693
9693 1655
9694 1591
9695 1747
9696 1652
9697 2014
9698 1734
9699 1893
9700 1320
9701 2549
9702 1482
9703 2426
9704 1605
9705 1751
9706 1393
9707 1548
9708 1731
9709 1584
9710 1619
9711 1632
9712 2088
9713 1960
9714 1890
9715 1910
9716 2159
9717 1208
9718 2173
9719 1296
9720 1659
9721 1840
9722 1667
9723 1565
9724 1833
9725 1972
9726 1427
9727 2087
9728 1942
9729 INF
9730 1992
9731 1479
9732 1297
9733 814
9734 1488
9735 1949
9736 690
9737 1767
9738 1429
9739 INF
9740 1227
9741 1794
9742 682
9743 2031
9744 2016
9745 1337
9746 1983
9747 2027
9748 2172
9749 1742
9750 1602
9751 1576
9752 1991
9753 2045
9754 1241
9755 1718
9756 1715
9757 1772
9758 1457
9759 1102
9760 1295
9761 1691
9762 1666
9763 1577
9764 1684
9765 1232
9766 1330
9767 1809
9768 1189
9769 1468
9770 1732
9771 1345
9772 2264
9773 2096
9774 918
9775 1821
9776 1712
9777 1565
9778 1247
9779 1291
9780 1325
9781 1738
9782 1875
9783 1341
9784 1501
9785 1281
9786 INF
9787 1529
9788 1849
9789 1635
9790 2295
9791 946
9792 1928
9793 1894
9794 1589
9795 1663
9796 1862
9797 752
9798 1363
9799 2231
9800 1524
9801 1873
9802 1976
9803 1842
9804 1351
9805 1854
9806 1519
9807 2064
9808 2139
9809 2661
9810 1678
9811 1657
9812 1955
9813 2199
9814 1599
9815 1700
9816 1042
9817 2181
9818 1476
9819 1818
9820 1658
9821 859
9822 2012
9823 1989
9824 1927
9825 2204
9826 1715
9827 1588
9828 1353
9829 1595
9830 1988
9831 1598
9832 2129
9833 1557
9834 1618
9835 2456
9836 2070
9837 1043
9838 1579
9839 1714
9840 1571
9841 1940
9842 1214
9843 1526
9844 1488
9845 1711
9846 1710
9847 1686
9848 1971
9849 1343
9850 1570
9851 1648
9852 1440
9853 1792
9854 1355
9855 1720
9856 1553
9857 2375
9858 1794
9859 1781
9860 631
9861 1909
9862 1896
9863 2307
9864 881
9865 1403
9866 1567
9867 1510
9868 1253
9869 1600
9870 1547
9871 1791
9872 1470
9873 769
9874 1409
9875 1374
9876 1528
9877 1277
9878 1544
9879 1561
9880 1972
9881 1892
9882 1553
9883 1857
9884 1354
9885 1703
9886 1585
9887 1734
9888 1648
9889 1795
9890 1984
9891 2472
9892 1432
9893 1375
9894 2274
9895 1686
9896 1562
9897 1201
9898 1961
9899 1551
9900 2060
9901 1419
9902 1712
9903 1821
9904 1949
9905 2377
9906 1769
9907 1670
9908 1796
9909 1726
9910 1401
9911 1791
9912 1944
9913 2757
9914 1434
9915 1347
9916 1790
9917 1574
9918 1476
9919 1769
9920 1549
9921 1458
9922 1837
9923 1505
9924 1847
9925 1426
9926 1525
9927 1227
9928 1629
9929 1012
9930 2354
9931 1948
9932 2604
9933 1836
9934 1660
9935 534
9936 2166
9937 921
9938 1825
9939 1304
9940 1413
9941 1456
9942 1708
9943 1976
9944 1811
9945 1631
9946 2279
9947 2203
9948 1201
9949 1161
9950 1555
9951 1565
9952 2354
9953 1961
9954 1692
9955 1384
9956 2061
9957 1727
9958 1070
9959 1919
9960 1323
9961 1635
9962 992
9963 1680
9964 1245
9965 1814
9966 1483
9967 1466
9968 1594
9969 1841
9970 1703
9971 2055
9972 1815
9973 1755
9974 1743
9975 1872
9976 1774
9977 1486
9978 1336
9979 1721
9980 1844
9981 2104
9982 2136
9983 1870
9984 1905
9985 909
9986 1733
9987 1497
9988 1470
9989 1255
9990 2044
9991 1945
9992 1615
9993 1589
9994 2164
9995 1123
9996 1759
9997 1540
9998 2036
9999 1531
